# kT [GeV]         GTMD (T-even-UU T-even-UT T-odd-UU T-odd-UT) at (xi, -t) = [(3.000000e-01, -5.000000e-01)]
1.000000e-04  1.580076e-01 -1.301448e-14  -1.142857e-03 -2.409607e-14  
4.103904e-03  1.580018e-01 -2.191725e-11  -1.142802e-03 -4.057944e-11  
8.107808e-03  1.580069e-01 -8.555291e-11  -1.142513e-03 -1.583994e-10  
1.211171e-02  1.579969e-01 -1.909093e-10  -1.142768e-03 -3.534644e-10  
1.611562e-02  1.579869e-01 -3.377839e-10  -1.142686e-03 -6.257809e-10  
2.011952e-02  1.579675e-01 -5.267066e-10  -1.142527e-03 -9.751773e-10  
2.412342e-02  1.579551e-01 -7.572020e-10  -1.142439e-03 -1.401940e-09  
2.812733e-02  1.579427e-01 -1.029464e-09  -1.142331e-03 -1.906026e-09  
3.213123e-02  1.579874e-01 -1.343230e-09  -1.142577e-03 -2.486935e-09  
3.613514e-02  1.578853e-01 -1.698411e-09  -1.141856e-03 -3.144493e-09  
4.013904e-02  1.578688e-01 -2.095629e-09  -1.141726e-03 -3.879933e-09  
4.414294e-02  1.578447e-01 -2.534236e-09  -1.141513e-03 -4.691959e-09  
4.814685e-02  1.577993e-01 -3.014394e-09  -1.141165e-03 -5.580927e-09  
5.215075e-02  1.578247e-01 -3.536039e-09  -1.141281e-03 -6.546675e-09  
5.615465e-02  1.577272e-01 -4.099205e-09  -1.140559e-03 -7.589280e-09  
6.015856e-02  1.576813e-01 -4.703875e-09  -1.140205e-03 -8.708737e-09  
6.416246e-02  1.576337e-01 -5.350616e-09  -1.139801e-03 -9.906164e-09  
6.816637e-02  1.575931e-01 -6.037859e-09  -1.139210e-03 -1.117836e-08  
7.217027e-02  1.575228e-01 -6.764995e-09  -1.138883e-03 -1.252440e-08  
7.617417e-02  1.574871e-01 -7.535475e-09  -1.138618e-03 -1.395096e-08  
8.017808e-02  1.574418e-01 -8.347136e-09  -1.138193e-03 -1.545299e-08  
8.418198e-02  1.573576e-01 -9.198679e-09  -1.137559e-03 -1.702976e-08  
8.818589e-02  1.573172e-01 -1.009104e-08  -1.137193e-03 -1.868116e-08  
9.218979e-02  1.572263e-01 -1.102549e-08  -1.136494e-03 -2.041124e-08  
9.619369e-02  1.571845e-01 -1.200328e-08  -1.136094e-03 -2.222117e-08  
1.001976e-01  1.570870e-01 -1.301472e-08  -1.135318e-03 -2.409322e-08  
1.042015e-01  1.570630e-01 -1.407459e-08  -1.135127e-03 -2.605517e-08  
1.082054e-01  1.569524e-01 -1.516976e-08  -1.134223e-03 -2.808227e-08  
1.122093e-01  1.568653e-01 -1.630921e-08  -1.133541e-03 -3.019111e-08  
1.162132e-01  1.567927e-01 -1.748768e-08  -1.132921e-03 -3.237247e-08  
1.202171e-01  1.567045e-01 -1.870637e-08  -1.132192e-03 -3.462764e-08  
1.242210e-01  1.566032e-01 -1.996685e-08  -1.131384e-03 -3.696083e-08  
1.282249e-01  1.565256e-01 -2.126558e-08  -1.130682e-03 -3.936413e-08  
1.322288e-01  1.564396e-01 -2.260602e-08  -1.130032e-03 -4.184488e-08  
1.362327e-01  1.563280e-01 -2.398666e-08  -1.129158e-03 -4.439981e-08  
1.402366e-01  1.562343e-01 -2.540667e-08  -1.128356e-03 -4.702750e-08  
1.442405e-01  1.561519e-01 -2.686647e-08  -1.127679e-03 -4.972894e-08  
1.482444e-01  1.560075e-01 -2.836519e-08  -1.126529e-03 -5.250191e-08  
1.522483e-01  1.559257e-01 -2.990646e-08  -1.125844e-03 -5.535411e-08  
1.562523e-01  1.558125e-01 -3.148175e-08  -1.124903e-03 -5.826825e-08  
1.602562e-01  1.556976e-01 -3.310272e-08  -1.123980e-03 -6.126799e-08  
1.642601e-01  1.555844e-01 -3.476174e-08  -1.123069e-03 -6.433750e-08  
1.682640e-01  1.555237e-01 -3.645829e-08  -1.122195e-03 -6.747632e-08  
1.722679e-01  1.553454e-01 -3.819449e-08  -1.121104e-03 -7.068830e-08  
1.762718e-01  1.552145e-01 -3.996712e-08  -1.120036e-03 -7.396718e-08  
1.802757e-01  1.550890e-01 -4.178175e-08  -1.119008e-03 -7.732445e-08  
1.842796e-01  1.549686e-01 -4.363597e-08  -1.118030e-03 -8.075446e-08  
1.882835e-01  1.548308e-01 -4.552880e-08  -1.116886e-03 -8.425566e-08  
1.922874e-01  1.547405e-01 -4.745679e-08  -1.116176e-03 -8.782191e-08  
1.962913e-01  1.545776e-01 -4.942520e-08  -1.114662e-03 -9.146262e-08  
2.002952e-01  1.543868e-01 -5.143093e-08  -1.113488e-03 -9.517220e-08  
2.042991e-01  1.542143e-01 -5.347590e-08  -1.111834e-03 -9.895439e-08  
2.083030e-01  1.540844e-01 -5.555848e-08  -1.110783e-03 -1.028055e-07  
2.123069e-01  1.539963e-01 -5.767655e-08  -1.110092e-03 -1.067227e-07  
2.163108e-01  1.538239e-01 -5.983576e-08  -1.108674e-03 -1.107150e-07  
2.203147e-01  1.536921e-01 -6.203025e-08  -1.107360e-03 -1.147735e-07  
2.243186e-01  1.534973e-01 -6.425897e-08  -1.106145e-03 -1.188947e-07  
2.283225e-01  1.533525e-01 -6.653434e-08  -1.104467e-03 -1.231015e-07  
2.323264e-01  1.531896e-01 -6.878627e-08  -1.103493e-03 -1.273554e-07  
2.363303e-01  1.530194e-01 -7.117437e-08  -1.102114e-03 -1.316795e-07  
2.403342e-01  1.528650e-01 -7.356241e-08  -1.100790e-03 -1.360939e-07  
2.443381e-01  1.526845e-01 -7.597061e-08  -1.099369e-03 -1.405452e-07  
2.483420e-01  1.525085e-01 -7.841993e-08  -1.097932e-03 -1.450709e-07  
2.523459e-01  1.523255e-01 -8.091407e-08  -1.096581e-03 -1.496828e-07  
2.563498e-01  1.520858e-01 -8.343844e-08  -1.094767e-03 -1.543480e-07  
2.603538e-01  1.519720e-01 -8.594697e-08  -1.093615e-03 -1.589805e-07  
2.643577e-01  1.517971e-01 -8.859363e-08  -1.092117e-03 -1.638735e-07  
2.683616e-01  1.516181e-01 -9.122969e-08  -1.090665e-03 -1.687467e-07  
2.723655e-01  1.514176e-01 -9.388981e-08  -1.089050e-03 -1.736614e-07  
2.763694e-01  1.512259e-01 -9.658374e-08  -1.087462e-03 -1.786569e-07  
2.803733e-01  1.510409e-01 -9.933649e-08  -1.085949e-03 -1.837237e-07  
2.843772e-01  1.508466e-01 -1.020986e-07  -1.084362e-03 -1.888275e-07  
2.883811e-01  1.506071e-01 -1.048417e-07  -1.082387e-03 -1.938878e-07  
2.923850e-01  1.504362e-01 -1.077339e-07  -1.081019e-03 -1.992382e-07  
2.963889e-01  1.502435e-01 -1.106283e-07  -1.079444e-03 -2.045621e-07  
3.003928e-01  1.500376e-01 -1.135224e-07  -1.077759e-03 -2.099291e-07  
3.043967e-01  1.498181e-01 -1.164646e-07  -1.075965e-03 -2.153621e-07  
3.084006e-01  1.496073e-01 -1.194257e-07  -1.074249e-03 -2.208316e-07  
3.124045e-01  1.496013e-01 -1.224473e-07  -1.072601e-03 -2.264103e-07  
3.164084e-01  1.491894e-01 -1.254824e-07  -1.070834e-03 -2.320134e-07  
3.204123e-01  1.489631e-01 -1.285085e-07  -1.068986e-03 -2.375886e-07  
3.244162e-01  1.487211e-01 -1.316446e-07  -1.066992e-03 -2.433882e-07  
3.284201e-01  1.485249e-01 -1.348053e-07  -1.065417e-03 -2.492466e-07  
3.324240e-01  1.482972e-01 -1.379630e-07  -1.063561e-03 -2.550537e-07  
3.364279e-01  1.480691e-01 -1.411762e-07  -1.061690e-03 -2.609846e-07  
3.404318e-01  1.478296e-01 -1.443964e-07  -1.059732e-03 -2.669272e-07  
3.444357e-01  1.476057e-01 -1.476731e-07  -1.057904e-03 -2.729739e-07  
3.484396e-01  1.473738e-01 -1.509597e-07  -1.056016e-03 -2.790700e-07  
3.524435e-01  1.471331e-01 -1.542912e-07  -1.054055e-03 -2.851822e-07  
3.564474e-01  1.468889e-01 -1.576326e-07  -1.052061e-03 -2.913761e-07  
3.604514e-01  1.466423e-01 -1.610240e-07  -1.050037e-03 -2.976051e-07  
3.644553e-01  1.464096e-01 -1.644536e-07  -1.048142e-03 -3.039531e-07  
3.684592e-01  1.461630e-01 -1.679065e-07  -1.046135e-03 -3.103027e-07  
3.724631e-01  1.459114e-01 -1.713723e-07  -1.044084e-03 -3.166950e-07  
3.764670e-01  1.456553e-01 -1.748722e-07  -1.041993e-03 -3.231487e-07  
3.804709e-01  1.454615e-01 -1.784242e-07  -1.039943e-03 -3.296983e-07  
3.844748e-01  1.451508e-01 -1.819856e-07  -1.038373e-03 -3.362755e-07  
3.884787e-01  1.448956e-01 -1.855815e-07  -1.035796e-03 -3.428945e-07  
3.924826e-01  1.446345e-01 -1.891987e-07  -1.033665e-03 -3.495620e-07  
3.964865e-01  1.443685e-01 -1.928543e-07  -1.031496e-03 -3.563015e-07  
4.004904e-01  1.441071e-01 -1.965313e-07  -1.029320e-03 -3.630780e-07  
4.044943e-01  1.438413e-01 -2.002368e-07  -1.027163e-03 -3.699067e-07  
4.084982e-01  1.435726e-01 -2.039649e-07  -1.024992e-03 -3.767773e-07  
4.125021e-01  1.433016e-01 -2.077383e-07  -1.022796e-03 -3.837301e-07  
4.165060e-01  1.430272e-01 -2.115391e-07  -1.020564e-03 -3.907332e-07  
4.205099e-01  1.427456e-01 -2.153339e-07  -1.018274e-03 -3.977216e-07  
4.245138e-01  1.424672e-01 -2.191686e-07  -1.015992e-03 -4.047846e-07  
4.285177e-01  1.421918e-01 -2.230111e-07  -1.013753e-03 -4.118746e-07  
4.325216e-01  1.419159e-01 -2.269491e-07  -1.011494e-03 -4.191188e-07  
4.365255e-01  1.416328e-01 -2.308861e-07  -1.009186e-03 -4.263264e-07  
4.405294e-01  1.413395e-01 -2.347931e-07  -1.006791e-03 -4.335570e-07  
4.445333e-01  1.410533e-01 -2.387543e-07  -1.004457e-03 -4.408478e-07  
4.485372e-01  1.407664e-01 -2.427582e-07  -1.002116e-03 -4.482183e-07  
4.525411e-01  1.404759e-01 -2.467921e-07  -9.997507e-04 -4.556480e-07  
4.565450e-01  1.401820e-01 -2.508620e-07  -9.973946e-04 -4.630899e-07  
4.605489e-01  1.398872e-01 -2.549051e-07  -9.949477e-04 -4.705648e-07  
4.645529e-01  1.395892e-01 -2.589595e-07  -9.925027e-04 -4.780328e-07  
4.685568e-01  1.392919e-01 -2.630860e-07  -9.900844e-04 -4.856244e-07  
4.725607e-01  1.389578e-01 -2.672608e-07  -9.876568e-04 -4.933114e-07  
4.765646e-01  1.386269e-01 -2.714251e-07  -9.848371e-04 -5.009677e-07  
4.805685e-01  1.383844e-01 -2.755926e-07  -9.827014e-04 -5.086322e-07  
4.845724e-01  1.380696e-01 -2.797628e-07  -9.801375e-04 -5.162998e-07  
4.885763e-01  1.377604e-01 -2.839893e-07  -9.776134e-04 -5.240682e-07  
4.925802e-01  1.374516e-01 -2.882521e-07  -9.750948e-04 -5.319035e-07  
4.965841e-01  1.371419e-01 -2.925454e-07  -9.725707e-04 -5.397961e-07  
5.005880e-01  1.368310e-01 -2.968336e-07  -9.700375e-04 -5.476786e-07  
5.045919e-01  1.365126e-01 -3.011359e-07  -9.674441e-04 -5.555842e-07  
5.085958e-01  1.361906e-01 -3.054421e-07  -9.648202e-04 -5.634989e-07  
5.125997e-01  1.358715e-01 -3.097981e-07  -9.622181e-04 -5.714994e-07  
5.166036e-01  1.355604e-01 -3.142407e-07  -9.596051e-04 -5.796503e-07  
5.206075e-01  1.352380e-01 -3.186064e-07  -9.570547e-04 -5.876773e-07  
5.246114e-01  1.349071e-01 -3.230077e-07  -9.543623e-04 -5.957616e-07  
5.286153e-01  1.345778e-01 -3.274284e-07  -9.516799e-04 -6.038754e-07  
5.326192e-01  1.342471e-01 -3.318539e-07  -9.489875e-04 -6.119995e-07  
5.366231e-01  1.339169e-01 -3.363217e-07  -9.462992e-04 -6.202038e-07  
5.406270e-01  1.335869e-01 -3.408269e-07  -9.436101e-04 -6.284735e-07  
5.446309e-01  1.332564e-01 -3.453350e-07  -9.409155e-04 -6.367419e-07  
5.486348e-01  1.329231e-01 -3.498631e-07  -9.381986e-04 -6.450512e-07  
5.526387e-01  1.325831e-01 -3.543950e-07  -9.354318e-04 -6.533645e-07  
5.566426e-01  1.322420e-01 -3.589281e-07  -9.326563e-04 -6.616728e-07  
5.606465e-01  1.319036e-01 -3.634897e-07  -9.298982e-04 -6.700412e-07  
5.646505e-01  1.315653e-01 -3.681939e-07  -9.271437e-04 -6.785060e-07  
5.686544e-01  1.312228e-01 -3.728833e-07  -9.243586e-04 -6.872717e-07  
5.726583e-01  1.308800e-01 -3.773386e-07  -9.215676e-04 -6.954334e-07  
5.766622e-01  1.305429e-01 -3.819722e-07  -9.188157e-04 -7.039260e-07  
5.806661e-01  1.301905e-01 -3.866009e-07  -9.159405e-04 -7.124007e-07  
5.846700e-01  1.298099e-01 -3.912508e-07  -9.128130e-04 -7.209178e-07  
5.886739e-01  1.294310e-01 -3.959429e-07  -9.097572e-04 -7.295168e-07  
5.926778e-01  1.291354e-01 -4.006557e-07  -9.073679e-04 -7.381523e-07  
5.966817e-01  1.287840e-01 -4.053755e-07  -9.045073e-04 -7.467953e-07  
6.006856e-01  1.284291e-01 -4.100814e-07  -9.016151e-04 -7.554098e-07  
6.046895e-01  1.280717e-01 -4.148168e-07  -8.987042e-04 -7.640811e-07  
6.086934e-01  1.277126e-01 -4.195360e-07  -8.957820e-04 -7.727121e-07  
6.126973e-01  1.273542e-01 -4.242839e-07  -8.928622e-04 -7.813954e-07  
6.167012e-01  1.269977e-01 -4.292204e-07  -8.899625e-04 -7.901986e-07  
6.207051e-01  1.266410e-01 -4.341093e-07  -8.870623e-04 -7.993964e-07  
6.247090e-01  1.262773e-01 -4.386844e-07  -8.841063e-04 -8.077456e-07  
6.287129e-01  1.259105e-01 -4.434704e-07  -8.811247e-04 -8.164940e-07  
6.327168e-01  1.255419e-01 -4.482847e-07  -8.781289e-04 -8.252997e-07  
6.367207e-01  1.251745e-01 -4.530886e-07  -8.751393e-04 -8.340790e-07  
6.407246e-01  1.248083e-01 -4.579159e-07  -8.721281e-04 -8.428954e-07  
6.447285e-01  1.244353e-01 -4.628083e-07  -8.691168e-04 -8.518366e-07  
6.487324e-01  1.240697e-01 -4.676859e-07  -8.661439e-04 -8.607491e-07  
6.527363e-01  1.237017e-01 -4.725442e-07  -8.631517e-04 -8.696228e-07  
6.567402e-01  1.233302e-01 -4.774393e-07  -8.601294e-04 -8.785603e-07  
6.607441e-01  1.229572e-01 -4.822859e-07  -8.570953e-04 -8.874054e-07  
6.647480e-01  1.225822e-01 -4.871560e-07  -8.540532e-04 -8.962937e-07  
6.687520e-01  1.222069e-01 -4.920544e-07  -8.509847e-04 -9.052343e-07  
6.727559e-01  1.218309e-01 -4.971585e-07  -8.479103e-04 -9.142511e-07  
6.767598e-01  1.214522e-01 -5.022004e-07  -8.448721e-04 -9.237858e-07  
6.807637e-01  1.210771e-01 -5.070928e-07  -8.418203e-04 -9.326946e-07  
6.847676e-01  1.206993e-01 -5.119460e-07  -8.387460e-04 -9.415260e-07  
6.887715e-01  1.203184e-01 -5.167062e-07  -8.356475e-04 -9.503446e-07  
6.927754e-01  1.199349e-01 -5.216241e-07  -8.325326e-04 -9.591477e-07  
6.967793e-01  1.195505e-01 -5.265822e-07  -8.293849e-04 -9.681843e-07  
7.007832e-01  1.191660e-01 -5.315619e-07  -8.262259e-04 -9.772562e-07  
7.047871e-01  1.187726e-01 -5.365261e-07  -8.230913e-04 -9.862988e-07  
7.087910e-01  1.183899e-01 -5.414929e-07  -8.199813e-04 -9.953438e-07  
7.127949e-01  1.180067e-01 -5.464618e-07  -8.168682e-04 -1.004387e-06  
7.167988e-01  1.176228e-01 -5.514318e-07  -8.137502e-04 -1.013429e-06  
7.208027e-01  1.172350e-01 -5.563878e-07  -8.106009e-04 -1.022442e-06  
7.248066e-01  1.168480e-01 -5.613772e-07  -8.074582e-04 -1.031519e-06  
7.288105e-01  1.164607e-01 -5.663746e-07  -8.043125e-04 -1.040609e-06  
7.328144e-01  1.160729e-01 -5.715827e-07  -8.011630e-04 -1.050106e-06  
7.368183e-01  1.156835e-01 -5.766042e-07  -7.980012e-04 -1.059192e-06  
7.408222e-01  1.152926e-01 -5.815436e-07  -7.948010e-04 -1.068147e-06  
7.448261e-01  1.149119e-01 -5.864776e-07  -7.916155e-04 -1.077107e-06  
7.488300e-01  1.145158e-01 -5.914211e-07  -7.884133e-04 -1.086204e-06  
7.528339e-01  1.141182e-01 -5.965599e-07  -7.852025e-04 -1.095105e-06  
7.568378e-01  1.137175e-01 -6.013439e-07  -7.819737e-04 -1.104133e-06  
7.608417e-01  1.133038e-01 -6.063579e-07  -7.786942e-04 -1.113235e-06  
7.648456e-01  1.129016e-01 -6.113529e-07  -7.754338e-04 -1.122300e-06  
7.688495e-01  1.125045e-01 -6.163365e-07  -7.722084e-04 -1.131337e-06  
7.728535e-01  1.121101e-01 -6.213399e-07  -7.690042e-04 -1.140406e-06  
7.768574e-01  1.117156e-01 -6.263333e-07  -7.657991e-04 -1.149462e-06  
7.808613e-01  1.113215e-01 -6.313371e-07  -7.625952e-04 -1.158530e-06  
7.848652e-01  1.109248e-01 -6.363405e-07  -7.593772e-04 -1.167595e-06  
7.888691e-01  1.105261e-01 -6.413596e-07  -7.561446e-04 -1.176682e-06  
7.928730e-01  1.101253e-01 -6.463733e-07  -7.528976e-04 -1.185756e-06  
7.968769e-01  1.097240e-01 -6.515523e-07  -7.496482e-04 -1.195157e-06  
8.008808e-01  1.093236e-01 -6.564934e-07  -7.464028e-04 -1.204091e-06  
8.048847e-01  1.089221e-01 -6.614656e-07  -7.431477e-04 -1.213082e-06  
8.088886e-01  1.085201e-01 -6.664356e-07  -7.398882e-04 -1.222068e-06  
8.128925e-01  1.081089e-01 -6.713989e-07  -7.366231e-04 -1.231039e-06  
8.168964e-01  1.077062e-01 -6.763325e-07  -7.333405e-04 -1.239948e-06  
8.209003e-01  1.073035e-01 -6.812532e-07  -7.300494e-04 -1.248824e-06  
8.249042e-01  1.069002e-01 -6.862523e-07  -7.267528e-04 -1.257866e-06  
8.289081e-01  1.064958e-01 -6.912115e-07  -7.234751e-04 -1.266812e-06  
8.329120e-01  1.060909e-01 -6.961253e-07  -7.201901e-04 -1.275674e-06  
8.369159e-01  1.056844e-01 -7.010814e-07  -7.168986e-04 -1.284616e-06  
8.409198e-01  1.052780e-01 -7.060158e-07  -7.136096e-04 -1.293585e-06  
8.449237e-01  1.048712e-01 -7.109712e-07  -7.103180e-04 -1.302447e-06  
8.489276e-01  1.044640e-01 -7.159226e-07  -7.070240e-04 -1.311374e-06  
8.529315e-01  1.040567e-01 -7.208762e-07  -7.037279e-04 -1.320301e-06  
8.569354e-01  1.036491e-01 -7.258331e-07  -7.004061e-04 -1.329233e-06  
8.609393e-01  1.032384e-01 -7.306943e-07  -6.971144e-04 -1.338033e-06  
8.649432e-01  1.028322e-01 -7.356179e-07  -6.938236e-04 -1.346868e-06  
8.689471e-01  1.024262e-01 -7.405449e-07  -6.905314e-04 -1.355703e-06  
8.729511e-01  1.020202e-01 -7.454663e-07  -6.872390e-04 -1.364524e-06  
8.769550e-01  1.016143e-01 -7.503796e-07  -6.839488e-04 -1.373339e-06  
8.809589e-01  1.012083e-01 -7.552867e-07  -6.806589e-04 -1.382285e-06  
8.849628e-01  1.008023e-01 -7.601871e-07  -6.773683e-04 -1.391002e-06  
8.889667e-01  1.003928e-01 -7.650767e-07  -6.740572e-04 -1.399674e-06  
8.929706e-01  9.998182e-02 -7.699591e-07  -6.707353e-04 -1.408276e-06  
8.969745e-01  9.957045e-02 -7.747053e-07  -6.674107e-04 -1.416845e-06  
9.009784e-01  9.915889e-02 -7.795140e-07  -6.640834e-04 -1.425680e-06  
9.049823e-01  9.874757e-02 -7.842968e-07  -6.607665e-04 -1.434244e-06  
9.089862e-01  9.833704e-02 -7.890838e-07  -6.574480e-04 -1.442922e-06  
9.129901e-01  9.792712e-02 -7.938982e-07  -6.541353e-04 -1.451437e-06  
9.169940e-01  9.751871e-02 -7.987040e-07  -6.510845e-04 -1.460043e-06  
9.209979e-01  9.711095e-02 -8.035065e-07  -6.477979e-04 -1.468639e-06  
9.250018e-01  9.675016e-02 -8.083358e-07  -6.445096e-04 -1.477284e-06  
9.290057e-01  9.634262e-02 -8.131341e-07  -6.412209e-04 -1.485960e-06  
9.330096e-01  9.593465e-02 -8.178620e-07  -6.379316e-04 -1.494475e-06  
9.370135e-01  9.552642e-02 -8.225750e-07  -6.346426e-04 -1.502964e-06  
9.410174e-01  9.511800e-02 -8.272721e-07  -6.310406e-04 -1.511104e-06  
9.450213e-01  9.470660e-02 -8.319434e-07  -6.277295e-04 -1.519430e-06  
9.490252e-01  9.429359e-02 -8.366441e-07  -6.244228e-04 -1.528172e-06  
9.530291e-01  9.384145e-02 -8.414910e-07  -6.211164e-04 -1.536488e-06  
9.570330e-01  9.343114e-02 -8.461441e-07  -6.178066e-04 -1.544771e-06  
9.610369e-01  9.302078e-02 -8.507817e-07  -6.144969e-04 -1.553022e-06  
9.650408e-01  9.261314e-02 -8.554029e-07  -6.112154e-04 -1.561245e-06  
9.690447e-01  9.220433e-02 -8.599938e-07  -6.079170e-04 -1.569404e-06  
9.730486e-01  9.179683e-02 -8.645543e-07  -6.046256e-04 -1.577500e-06  
9.770526e-01  9.138957e-02 -8.690947e-07  -6.013364e-04 -1.585554e-06  
9.810565e-01  9.098258e-02 -8.737726e-07  -5.980492e-04 -1.593885e-06  
9.850604e-01  9.057558e-02 -8.783206e-07  -5.947619e-04 -1.601952e-06  
9.890643e-01  9.016967e-02 -8.829038e-07  -5.914837e-04 -1.610081e-06  
9.930682e-01  8.976413e-02 -8.874738e-07  -5.882084e-04 -1.618184e-06  
9.970721e-01  8.936085e-02 -8.917281e-07  -5.849578e-04 -1.625861e-06  
1.001076e+00  8.895379e-02 -8.963718e-07  -5.816779e-04 -1.634123e-06  
1.005080e+00  8.854751e-02 -9.008497e-07  -5.784053e-04 -1.642064e-06  
1.009084e+00  8.814137e-02 -9.053107e-07  -5.751350e-04 -1.649970e-06  
1.013088e+00  8.773561e-02 -9.097661e-07  -5.718680e-04 -1.657847e-06  
1.017092e+00  8.733021e-02 -9.142124e-07  -5.686042e-04 -1.665691e-06  
1.021095e+00  8.692494e-02 -9.186432e-07  -5.653418e-04 -1.673500e-06  
1.025099e+00  8.652048e-02 -9.230586e-07  -5.620854e-04 -1.681275e-06  
1.029103e+00  8.611797e-02 -9.274597e-07  -5.588419e-04 -1.689388e-06  
1.033107e+00  8.571538e-02 -9.318451e-07  -5.555976e-04 -1.697063e-06  
1.037111e+00  8.531340e-02 -9.362146e-07  -5.523584e-04 -1.704697e-06  
1.041115e+00  8.491295e-02 -9.405682e-07  -5.491321e-04 -1.712290e-06  
1.045119e+00  8.451261e-02 -9.449024e-07  -5.459079e-04 -1.719840e-06  
1.049123e+00  8.411224e-02 -9.492173e-07  -5.426850e-04 -1.727351e-06  
1.053127e+00  8.371186e-02 -9.535155e-07  -5.394626e-04 -1.734814e-06  
1.057131e+00  8.331180e-02 -9.577947e-07  -5.362435e-04 -1.742209e-06  
1.061135e+00  8.291110e-02 -9.620559e-07  -5.330228e-04 -1.749560e-06  
1.065138e+00  8.250829e-02 -9.662996e-07  -5.297895e-04 -1.756865e-06  
1.069142e+00  8.210704e-02 -9.703912e-07  -5.265652e-04 -1.764276e-06  
1.073146e+00  8.170617e-02 -9.746510e-07  -5.233446e-04 -1.771742e-06  
1.077150e+00  8.130755e-02 -9.788295e-07  -5.201434e-04 -1.779049e-06  
1.081154e+00  8.090999e-02 -9.829747e-07  -5.169512e-04 -1.786289e-06  
1.085158e+00  8.051457e-02 -9.871025e-07  -5.137736e-04 -1.793492e-06  
1.089162e+00  8.012073e-02 -9.912119e-07  -5.106071e-04 -1.800656e-06  
1.093166e+00  7.972727e-02 -9.952955e-07  -5.074452e-04 -1.807779e-06  
1.097170e+00  7.933438e-02 -9.993542e-07  -5.042888e-04 -1.814859e-06  
1.101174e+00  7.894237e-02 -1.003375e-06  -5.011395e-04 -1.821898e-06  
1.105177e+00  7.855116e-02 -1.007669e-06  -4.979970e-04 -1.828896e-06  
1.109181e+00  7.816043e-02 -1.011686e-06  -4.948546e-04 -1.835853e-06  
1.113185e+00  7.776889e-02 -1.015681e-06  -4.917115e-04 -1.842769e-06  
1.117189e+00  7.737956e-02 -1.019661e-06  -4.885862e-04 -1.850068e-06  
1.121193e+00  7.699011e-02 -1.023610e-06  -4.854610e-04 -1.856932e-06  
1.125197e+00  7.660028e-02 -1.027502e-06  -4.823352e-04 -1.863677e-06  
1.129201e+00  7.621112e-02 -1.031368e-06  -4.792155e-04 -1.870373e-06  
1.133205e+00  7.582264e-02 -1.035210e-06  -4.761020e-04 -1.877021e-06  
1.137209e+00  7.543485e-02 -1.039026e-06  -4.729947e-04 -1.883619e-06  
1.141213e+00  7.504758e-02 -1.042810e-06  -4.698924e-04 -1.890154e-06  
1.145217e+00  7.466110e-02 -1.046525e-06  -4.667965e-04 -1.896548e-06  
1.149220e+00  7.427605e-02 -1.050208e-06  -4.637113e-04 -1.902882e-06  
1.153224e+00  7.389201e-02 -1.053815e-06  -4.606349e-04 -1.909067e-06  
1.157228e+00  7.350990e-02 -1.057435e-06  -4.575742e-04 -1.915277e-06  
1.161232e+00  7.312833e-02 -1.061107e-06  -4.545185e-04 -1.921586e-06  
1.165236e+00  7.274886e-02 -1.064753e-06  -4.514682e-04 -1.927846e-06  
1.169240e+00  7.236805e-02 -1.068374e-06  -4.484269e-04 -1.934057e-06  
1.173244e+00  7.198828e-02 -1.071973e-06  -4.453892e-04 -1.940220e-06  
1.177248e+00  7.160942e-02 -1.075547e-06  -4.423593e-04 -1.946334e-06  
1.181252e+00  7.123142e-02 -1.079097e-06  -4.393371e-04 -1.952398e-06  
1.185256e+00  7.085430e-02 -1.082621e-06  -4.363226e-04 -1.958413e-06  
1.189259e+00  7.047754e-02 -1.086119e-06  -4.333121e-04 -1.964378e-06  
1.193263e+00  7.010125e-02 -1.089592e-06  -4.303069e-04 -1.970293e-06  
1.197267e+00  6.972509e-02 -1.093040e-06  -4.273087e-04 -1.976158e-06  
1.201271e+00  6.934728e-02 -1.096461e-06  -4.243031e-04 -1.981972e-06  
1.205275e+00  6.897007e-02 -1.099857e-06  -4.212990e-04 -1.987737e-06  
1.209279e+00  6.859522e-02 -1.103230e-06  -4.183112e-04 -1.993454e-06  
1.213283e+00  6.822348e-02 -1.106582e-06  -4.153444e-04 -1.999126e-06  
1.217287e+00  6.785269e-02 -1.109908e-06  -4.123857e-04 -2.004746e-06  
1.221291e+00  6.748304e-02 -1.113210e-06  -4.094363e-04 -2.010317e-06  
1.225295e+00  6.711576e-02 -1.116505e-06  -4.065046e-04 -2.015843e-06  
1.229298e+00  6.674960e-02 -1.119775e-06  -4.035822e-04 -2.021319e-06  
1.233302e+00  6.638456e-02 -1.123022e-06  -4.006690e-04 -2.026745e-06  
1.237306e+00  6.603780e-02 -1.126244e-06  -3.977653e-04 -2.032121e-06  
1.241310e+00  6.567861e-02 -1.129443e-06  -3.948712e-04 -2.037446e-06  
1.245314e+00  6.531759e-02 -1.132617e-06  -3.921205e-04 -2.042721e-06  
1.249318e+00  6.495695e-02 -1.135767e-06  -3.892456e-04 -2.047945e-06  
1.253322e+00  6.459738e-02 -1.138893e-06  -3.863799e-04 -2.053118e-06  
1.257326e+00  6.423785e-02 -1.141995e-06  -3.835176e-04 -2.058241e-06  
1.261330e+00  6.387917e-02 -1.145076e-06  -3.806629e-04 -2.063320e-06  
1.265334e+00  6.352145e-02 -1.148132e-06  -3.778170e-04 -2.068357e-06  
1.269338e+00  6.316463e-02 -1.151163e-06  -3.749794e-04 -2.073351e-06  
1.273341e+00  6.280865e-02 -1.154169e-06  -3.721492e-04 -2.078296e-06  
1.277345e+00  6.245522e-02 -1.157025e-06  -3.693387e-04 -2.083191e-06  
1.281349e+00  6.210409e-02 -1.159950e-06  -3.665470e-04 -2.088037e-06  
1.285353e+00  6.176027e-02 -1.162849e-06  -3.637664e-04 -2.092835e-06  
1.289357e+00  6.140901e-02 -1.165719e-06  -3.609931e-04 -2.097236e-06  
1.293361e+00  6.105869e-02 -1.168565e-06  -3.582233e-04 -2.101881e-06  
1.297365e+00  6.070936e-02 -1.171383e-06  -3.554595e-04 -2.106476e-06  
1.301369e+00  6.036171e-02 -1.174033e-06  -3.527071e-04 -2.111019e-06  
1.305373e+00  6.001513e-02 -1.176786e-06  -3.499646e-04 -2.115265e-06  
1.309377e+00  5.966963e-02 -1.179513e-06  -3.472095e-04 -2.119682e-06  
1.313380e+00  5.932520e-02 -1.182213e-06  -3.444785e-04 -2.124046e-06  
1.317384e+00  5.898186e-02 -1.184887e-06  -3.417569e-04 -2.128356e-06  
1.321388e+00  5.864188e-02 -1.187497e-06  -3.390639e-04 -2.132545e-06  
1.325392e+00  5.830342e-02 -1.190060e-06  -3.363838e-04 -2.136642e-06  
1.329396e+00  5.796625e-02 -1.192609e-06  -3.337149e-04 -2.140763e-06  
1.333400e+00  5.763032e-02 -1.195237e-06  -3.310568e-04 -2.144828e-06  
1.337404e+00  5.729493e-02 -1.197574e-06  -3.284037e-04 -2.148482e-06  
1.341408e+00  5.696037e-02 -1.199945e-06  -3.257576e-04 -2.152199e-06  
1.345412e+00  5.662718e-02 -1.202391e-06  -3.231204e-04 -2.156060e-06  
1.349416e+00  5.629585e-02 -1.204810e-06  -3.204974e-04 -2.159866e-06  
1.353420e+00  5.596584e-02 -1.207198e-06  -3.178855e-04 -2.163614e-06  
1.357423e+00  5.563713e-02 -1.209558e-06  -3.152843e-04 -2.167307e-06  
1.361427e+00  5.530975e-02 -1.211888e-06  -3.126940e-04 -2.170945e-06  
1.365431e+00  5.498368e-02 -1.214190e-06  -3.101147e-04 -2.174527e-06  
1.369435e+00  5.465894e-02 -1.216463e-06  -3.075443e-04 -2.178054e-06  
1.373439e+00  5.433576e-02 -1.218793e-06  -3.049904e-04 -2.181751e-06  
1.377443e+00  5.401388e-02 -1.221032e-06  -3.024488e-04 -2.185190e-06  
1.381447e+00  5.369324e-02 -1.223244e-06  -2.999182e-04 -2.188582e-06  
1.385451e+00  5.337359e-02 -1.225428e-06  -2.973961e-04 -2.191921e-06  
1.389455e+00  5.305529e-02 -1.227584e-06  -2.948854e-04 -2.195205e-06  
1.393459e+00  5.273748e-02 -1.229713e-06  -2.923791e-04 -2.198436e-06  
1.397462e+00  5.242096e-02 -1.231815e-06  -2.898838e-04 -2.201613e-06  
1.401466e+00  5.210521e-02 -1.233888e-06  -2.873968e-04 -2.204732e-06  
1.405470e+00  5.179066e-02 -1.235932e-06  -2.849204e-04 -2.207798e-06  
1.409474e+00  5.147855e-02 -1.237888e-06  -2.824647e-04 -2.210692e-06  
1.413478e+00  5.116775e-02 -1.239799e-06  -2.800205e-04 -2.213516e-06  
1.417482e+00  5.085896e-02 -1.241680e-06  -2.775915e-04 -2.216278e-06  
1.421486e+00  5.055840e-02 -1.243527e-06  -2.752126e-04 -2.218975e-06  
1.425490e+00  5.025273e-02 -1.245338e-06  -2.728128e-04 -2.221606e-06  
1.429494e+00  4.994805e-02 -1.247125e-06  -2.704220e-04 -2.224190e-06  
1.433498e+00  4.964409e-02 -1.248874e-06  -2.680375e-04 -2.226694e-06  
1.437502e+00  4.934146e-02 -1.250588e-06  -2.656647e-04 -2.229129e-06  
1.441505e+00  4.903944e-02 -1.252298e-06  -2.632975e-04 -2.231555e-06  
1.445509e+00  4.873773e-02 -1.254011e-06  -2.609334e-04 -2.233984e-06  
1.449513e+00  4.843725e-02 -1.255694e-06  -2.585800e-04 -2.236356e-06  
1.453517e+00  4.813989e-02 -1.257350e-06  -2.562291e-04 -2.238673e-06  
1.457521e+00  4.784058e-02 -1.258977e-06  -2.538885e-04 -2.240934e-06  
1.461525e+00  4.754237e-02 -1.260575e-06  -2.515577e-04 -2.243139e-06  
1.465529e+00  4.724608e-02 -1.262153e-06  -2.492424e-04 -2.245291e-06  
1.469533e+00  4.695137e-02 -1.263705e-06  -2.469395e-04 -2.247388e-06  
1.473537e+00  4.665795e-02 -1.265228e-06  -2.446474e-04 -2.249429e-06  
1.477541e+00  4.637627e-02 -1.266724e-06  -2.424543e-04 -2.251415e-06  
1.481544e+00  4.608735e-02 -1.268192e-06  -2.401972e-04 -2.253345e-06  
1.485548e+00  4.579982e-02 -1.269627e-06  -2.379522e-04 -2.255211e-06  
1.489552e+00  4.551389e-02 -1.271032e-06  -2.357201e-04 -2.257017e-06  
1.493556e+00  4.523056e-02 -1.272412e-06  -2.335964e-04 -2.258771e-06  
1.497560e+00  4.494936e-02 -1.273750e-06  -2.313953e-04 -2.260442e-06  
1.501564e+00  4.467089e-02 -1.275032e-06  -2.291383e-04 -2.262007e-06  
1.505568e+00  4.439383e-02 -1.276283e-06  -2.269784e-04 -2.263518e-06  
1.509572e+00  4.411835e-02 -1.277502e-06  -2.248316e-04 -2.264968e-06  
1.513576e+00  4.384443e-02 -1.278691e-06  -2.226980e-04 -2.266358e-06  
1.517580e+00  4.357210e-02 -1.279849e-06  -2.205777e-04 -2.267687e-06  
1.521583e+00  4.330135e-02 -1.280976e-06  -2.184706e-04 -2.268956e-06  
1.525587e+00  4.303220e-02 -1.282073e-06  -2.163770e-04 -2.270164e-06  
1.529591e+00  4.276388e-02 -1.283095e-06  -2.142903e-04 -2.271181e-06  
1.533595e+00  4.249694e-02 -1.284123e-06  -2.122155e-04 -2.272274e-06  
1.537599e+00  4.223155e-02 -1.285120e-06  -2.101536e-04 -2.273307e-06  
1.541603e+00  4.196771e-02 -1.286085e-06  -2.081047e-04 -2.274280e-06  
1.545607e+00  4.170484e-02 -1.287188e-06  -2.060639e-04 -2.275568e-06  
1.549611e+00  4.144208e-02 -1.288169e-06  -2.040241e-04 -2.276564e-06  
1.553615e+00  4.118115e-02 -1.289111e-06  -2.019992e-04 -2.277477e-06  
1.557619e+00  4.092081e-02 -1.290014e-06  -1.999821e-04 -2.278316e-06  
1.561623e+00  4.066148e-02 -1.290887e-06  -1.979749e-04 -2.279098e-06  
1.565626e+00  4.040371e-02 -1.291725e-06  -1.959810e-04 -2.279811e-06  
1.569630e+00  4.014714e-02 -1.292534e-06  -1.939977e-04 -2.280468e-06  
1.573634e+00  3.989141e-02 -1.293311e-06  -1.920231e-04 -2.281067e-06  
1.577638e+00  3.963703e-02 -1.294060e-06  -1.900601e-04 -2.281611e-06  
1.581642e+00  3.938398e-02 -1.294780e-06  -1.881086e-04 -2.282099e-06  
1.585646e+00  3.913227e-02 -1.295472e-06  -1.861687e-04 -2.282533e-06  
1.589650e+00  3.888199e-02 -1.296134e-06  -1.842410e-04 -2.282908e-06  
1.593654e+00  3.863436e-02 -1.296746e-06  -1.823359e-04 -2.283189e-06  
1.597658e+00  3.838834e-02 -1.297335e-06  -1.804443e-04 -2.283415e-06  
1.601662e+00  3.814392e-02 -1.297899e-06  -1.785661e-04 -2.283584e-06  
1.605665e+00  3.790094e-02 -1.298434e-06  -1.767003e-04 -2.283697e-06  
1.609669e+00  3.765940e-02 -1.298941e-06  -1.748470e-04 -2.283752e-06  
1.613673e+00  3.741931e-02 -1.299418e-06  -1.730060e-04 -2.283750e-06  
1.617677e+00  3.718066e-02 -1.299866e-06  -1.711775e-04 -2.283691e-06  
1.621681e+00  3.694396e-02 -1.300287e-06  -1.693642e-04 -2.283577e-06  
1.625685e+00  3.670894e-02 -1.300678e-06  -1.675646e-04 -2.283405e-06  
1.629689e+00  3.647502e-02 -1.301050e-06  -1.657743e-04 -2.283195e-06  
1.633693e+00  3.624223e-02 -1.301401e-06  -1.639941e-04 -2.282948e-06  
1.637697e+00  3.601091e-02 -1.301722e-06  -1.622263e-04 -2.282649e-06  
1.641701e+00  3.578105e-02 -1.302014e-06  -1.604708e-04 -2.282295e-06  
1.645705e+00  3.555284e-02 -1.302272e-06  -1.587293e-04 -2.281874e-06  
1.649708e+00  3.532707e-02 -1.302505e-06  -1.570060e-04 -2.281403e-06  
1.653712e+00  3.510302e-02 -1.302712e-06  -1.552966e-04 -2.280881e-06  
1.657716e+00  3.487844e-02 -1.302951e-06  -1.535828e-04 -2.280428e-06  
1.661720e+00  3.465521e-02 -1.303160e-06  -1.518806e-04 -2.279927e-06  
1.665724e+00  3.443339e-02 -1.303346e-06  -1.501902e-04 -2.279380e-06  
1.669728e+00  3.421346e-02 -1.303480e-06  -1.485158e-04 -2.278731e-06  
1.673732e+00  3.399529e-02 -1.303570e-06  -1.468563e-04 -2.277989e-06  
1.677736e+00  3.377858e-02 -1.303634e-06  -1.452089e-04 -2.277197e-06  
1.681740e+00  3.356328e-02 -1.303670e-06  -1.435734e-04 -2.276353e-06  
1.685744e+00  3.334950e-02 -1.303680e-06  -1.419507e-04 -2.275456e-06  
1.689747e+00  3.313795e-02 -1.303657e-06  -1.403465e-04 -2.274498e-06  
1.693751e+00  3.292792e-02 -1.303608e-06  -1.387550e-04 -2.273488e-06  
1.697755e+00  3.271945e-02 -1.303534e-06  -1.371764e-04 -2.272428e-06  
1.701759e+00  3.251243e-02 -1.303434e-06  -1.356102e-04 -2.271316e-06  
1.705763e+00  3.230691e-02 -1.303307e-06  -1.340565e-04 -2.270153e-06  
1.709767e+00  3.210293e-02 -1.303154e-06  -1.325156e-04 -2.268938e-06  
1.713771e+00  3.190045e-02 -1.302974e-06  -1.309872e-04 -2.267673e-06  
1.717775e+00  3.169948e-02 -1.302768e-06  -1.294715e-04 -2.266357e-06  
1.721779e+00  3.150004e-02 -1.302535e-06  -1.279685e-04 -2.264988e-06  
1.725783e+00  3.130172e-02 -1.302270e-06  -1.264764e-04 -2.263557e-06  
1.729786e+00  3.110373e-02 -1.301970e-06  -1.249904e-04 -2.262066e-06  
1.733790e+00  3.090691e-02 -1.301647e-06  -1.235145e-04 -2.260275e-06  
1.737794e+00  3.071113e-02 -1.301306e-06  -1.220476e-04 -2.258676e-06  
1.741798e+00  3.051697e-02 -1.300950e-06  -1.205940e-04 -2.257033e-06  
1.745802e+00  3.032420e-02 -1.300327e-06  -1.191524e-04 -2.255340e-06  
1.749806e+00  3.013281e-02 -1.299912e-06  -1.177225e-04 -2.253596e-06  
1.753810e+00  2.994281e-02 -1.299471e-06  -1.163045e-04 -2.251803e-06  
1.757814e+00  2.975419e-02 -1.299006e-06  -1.148982e-04 -2.249959e-06  
1.761818e+00  2.956695e-02 -1.298515e-06  -1.135037e-04 -2.248519e-06  
1.765822e+00  2.938108e-02 -1.298000e-06  -1.121210e-04 -2.246608e-06  
1.769826e+00  2.919521e-02 -1.297535e-06  -1.107386e-04 -2.244721e-06  
1.773829e+00  2.901008e-02 -1.297287e-06  -1.093627e-04 -2.242827e-06  
1.777833e+00  2.882620e-02 -1.296763e-06  -1.079976e-04 -2.240891e-06  
1.781837e+00  2.864357e-02 -1.296217e-06  -1.066432e-04 -2.238913e-06  
1.785841e+00  2.846237e-02 -1.295653e-06  -1.053010e-04 -2.236901e-06  
1.789845e+00  2.828279e-02 -1.295063e-06  -1.039727e-04 -2.234839e-06  
1.793849e+00  2.811711e-02 -1.294432e-06  -1.026582e-04 -2.232711e-06  
1.797853e+00  2.793990e-02 -1.293765e-06  -1.013564e-04 -2.230515e-06  
1.801857e+00  2.776434e-02 -1.293066e-06  -1.001258e-04 -2.228251e-06  
1.805861e+00  2.759003e-02 -1.292344e-06  -9.884297e-05 -2.225944e-06  
1.809865e+00  2.741701e-02 -1.291592e-06  -9.757128e-05 -2.223580e-06  
1.813868e+00  2.724527e-02 -1.290816e-06  -9.631068e-05 -2.221170e-06  
1.817872e+00  2.707564e-02 -1.290018e-06  -9.506592e-05 -2.218717e-06  
1.821876e+00  2.690845e-02 -1.289201e-06  -9.383892e-05 -2.216224e-06  
1.825880e+00  2.674260e-02 -1.288360e-06  -9.262324e-05 -2.213687e-06  
1.829884e+00  2.657809e-02 -1.287497e-06  -9.141884e-05 -2.211106e-06  
1.833888e+00  2.641492e-02 -1.286610e-06  -9.022571e-05 -2.208482e-06  
1.837892e+00  2.625274e-02 -1.285702e-06  -8.904383e-05 -2.205814e-06  
1.841896e+00  2.609312e-02 -1.284773e-06  -8.787318e-05 -2.203109e-06  
1.845900e+00  2.593463e-02 -1.283826e-06  -8.671378e-05 -2.200369e-06  
1.849904e+00  2.577755e-02 -1.282859e-06  -8.556555e-05 -2.197587e-06  
1.853908e+00  2.562186e-02 -1.281870e-06  -8.446883e-05 -2.194764e-06  
1.857911e+00  2.546752e-02 -1.280860e-06  -8.334878e-05 -2.191899e-06  
1.861915e+00  2.531455e-02 -1.279828e-06  -8.224006e-05 -2.188993e-06  
1.865919e+00  2.516293e-02 -1.278775e-06  -8.114266e-05 -2.186046e-06  
1.869923e+00  2.501266e-02 -1.277700e-06  -8.005654e-05 -2.183058e-06  
1.873927e+00  2.486374e-02 -1.276605e-06  -7.898169e-05 -2.180030e-06  
1.877931e+00  2.471607e-02 -1.275488e-06  -7.791756e-05 -2.176961e-06  
1.881935e+00  2.456972e-02 -1.274350e-06  -7.686456e-05 -2.173851e-06  
1.885939e+00  2.442401e-02 -1.273211e-06  -7.581695e-05 -2.171076e-06  
1.889943e+00  2.427854e-02 -1.272092e-06  -7.477137e-05 -2.167964e-06  
1.893947e+00  2.413459e-02 -1.270960e-06  -7.373828e-05 -2.164801e-06  
1.897950e+00  2.399155e-02 -1.269807e-06  -7.271354e-05 -2.161593e-06  
1.901954e+00  2.384962e-02 -1.268635e-06  -7.169848e-05 -2.158347e-06  
1.905958e+00  2.370894e-02 -1.267445e-06  -7.069390e-05 -2.155065e-06  
1.909962e+00  2.356857e-02 -1.266235e-06  -6.969453e-05 -2.151746e-06  
1.913966e+00  2.342925e-02 -1.265007e-06  -6.870441e-05 -2.148391e-06  
1.917970e+00  2.329151e-02 -1.263749e-06  -6.772776e-05 -2.145001e-06  
1.921974e+00  2.315509e-02 -1.262470e-06  -6.676200e-05 -2.141574e-06  
1.925978e+00  2.301984e-02 -1.261174e-06  -6.580624e-05 -2.138113e-06  
1.929982e+00  2.288577e-02 -1.259860e-06  -6.486038e-05 -2.134616e-06  
1.933986e+00  2.275337e-02 -1.258503e-06  -6.392882e-05 -2.131084e-06  
1.937989e+00  2.262220e-02 -1.257023e-06  -6.300764e-05 -2.127518e-06  
1.941993e+00  2.249221e-02 -1.255627e-06  -6.209649e-05 -2.123918e-06  
1.945997e+00  2.236340e-02 -1.254212e-06  -6.119536e-05 -2.120284e-06  
1.950001e+00  2.223570e-02 -1.252779e-06  -6.030399e-05 -2.116616e-06  
1.954005e+00  2.210898e-02 -1.251331e-06  -5.942112e-05 -2.112920e-06  
1.958009e+00  2.198333e-02 -1.249867e-06  -5.854732e-05 -2.109192e-06  
1.962013e+00  2.185882e-02 -1.248385e-06  -5.768318e-05 -2.105432e-06  
1.966017e+00  2.173546e-02 -1.246883e-06  -5.682864e-05 -2.101641e-06  
1.970021e+00  2.161326e-02 -1.245365e-06  -5.598378e-05 -2.097817e-06  
1.974025e+00  2.149218e-02 -1.243829e-06  -5.514855e-05 -2.093962e-06  
1.978029e+00  2.137229e-02 -1.242277e-06  -5.432353e-05 -2.090074e-06  
1.982032e+00  2.125358e-02 -1.240707e-06  -5.350851e-05 -2.086155e-06  
1.986036e+00  2.113598e-02 -1.239121e-06  -5.270304e-05 -2.082205e-06  
1.990040e+00  2.101926e-02 -1.237517e-06  -5.190502e-05 -2.078224e-06  
1.994044e+00  2.090343e-02 -1.235898e-06  -5.111463e-05 -2.074213e-06  
1.998048e+00  2.078896e-02 -1.234261e-06  -5.033518e-05 -2.070167e-06  
2.002052e+00  2.067661e-02 -1.232608e-06  -4.957093e-05 -2.066092e-06  
2.006056e+00  2.056535e-02 -1.230944e-06  -4.881562e-05 -2.061996e-06  
2.010060e+00  2.045402e-02 -1.229312e-06  -4.805979e-05 -2.057965e-06  
2.014064e+00  2.034378e-02 -1.227670e-06  -4.731299e-05 -2.053910e-06  
2.018068e+00  2.023464e-02 -1.226017e-06  -4.657518e-05 -2.049832e-06  
2.022071e+00  2.012655e-02 -1.224351e-06  -4.584624e-05 -2.045729e-06  
2.026075e+00  2.001953e-02 -1.222672e-06  -4.512611e-05 -2.041603e-06  
2.030079e+00  1.991355e-02 -1.220981e-06  -4.441474e-05 -2.037455e-06  
2.034083e+00  1.980862e-02 -1.219277e-06  -4.371210e-05 -2.033283e-06  
2.038087e+00  1.970472e-02 -1.217562e-06  -4.301814e-05 -2.029089e-06  
2.042091e+00  1.960187e-02 -1.215834e-06  -4.233281e-05 -2.024874e-06  
2.046095e+00  1.950007e-02 -1.214093e-06  -4.165634e-05 -2.020633e-06  
2.050099e+00  1.939976e-02 -1.212379e-06  -4.099229e-05 -2.016322e-06  
2.054103e+00  1.930056e-02 -1.210603e-06  -4.033738e-05 -2.011995e-06  
2.058107e+00  1.920240e-02 -1.208816e-06  -3.969114e-05 -2.007644e-06  
2.062111e+00  1.910528e-02 -1.207017e-06  -3.905355e-05 -2.003271e-06  
2.066114e+00  1.900924e-02 -1.205204e-06  -3.842497e-05 -1.998872e-06  
2.070118e+00  1.891415e-02 -1.203379e-06  -3.780429e-05 -1.994404e-06  
2.074122e+00  1.882054e-02 -1.201526e-06  -3.719605e-05 -1.989920e-06  
2.078126e+00  1.872784e-02 -1.199655e-06  -3.659578e-05 -1.985409e-06  
2.082130e+00  1.863606e-02 -1.197764e-06  -3.600348e-05 -1.980871e-06  
2.086134e+00  1.854529e-02 -1.195858e-06  -3.541968e-05 -1.976309e-06  
2.090138e+00  1.845549e-02 -1.193939e-06  -3.484408e-05 -1.971724e-06  
2.094142e+00  1.836657e-02 -1.192014e-06  -3.427577e-05 -1.967126e-06  
2.098146e+00  1.827812e-02 -1.190097e-06  -3.371146e-05 -1.962546e-06  
2.102150e+00  1.819064e-02 -1.188168e-06  -3.315523e-05 -1.957946e-06  
2.106153e+00  1.810341e-02 -1.186226e-06  -3.260315e-05 -1.953322e-06  
2.110157e+00  1.801698e-02 -1.184273e-06  -3.205816e-05 -1.948677e-06  
2.114161e+00  1.793146e-02 -1.182309e-06  -3.152091e-05 -1.944014e-06  
2.118165e+00  1.784684e-02 -1.180334e-06  -3.099134e-05 -1.939331e-06  
2.122169e+00  1.776313e-02 -1.178349e-06  -3.046941e-05 -1.934629e-06  
2.126173e+00  1.768031e-02 -1.176354e-06  -2.995507e-05 -1.929909e-06  
2.130177e+00  1.759839e-02 -1.174349e-06  -2.944829e-05 -1.925170e-06  
2.134181e+00  1.751148e-02 -1.172346e-06  -2.894202e-05 -1.920438e-06  
2.138185e+00  1.743047e-02 -1.170337e-06  -2.839639e-05 -1.915693e-06  
2.142189e+00  1.735030e-02 -1.168317e-06  -2.790422e-05 -1.910933e-06  
2.146192e+00  1.727096e-02 -1.166288e-06  -2.741912e-05 -1.906157e-06  
2.150196e+00  1.719245e-02 -1.164251e-06  -2.694103e-05 -1.901365e-06  
2.154200e+00  1.711476e-02 -1.162205e-06  -2.646992e-05 -1.896559e-06  
2.158204e+00  1.703788e-02 -1.160151e-06  -2.600572e-05 -1.891738e-06  
2.162208e+00  1.696182e-02 -1.158088e-06  -2.554839e-05 -1.886903e-06  
2.166212e+00  1.688655e-02 -1.156018e-06  -2.509787e-05 -1.882053e-06  
2.170216e+00  1.681208e-02 -1.153939e-06  -2.465413e-05 -1.877190e-06  
2.174220e+00  1.673841e-02 -1.151853e-06  -2.421711e-05 -1.872312e-06  
2.178224e+00  1.666552e-02 -1.149759e-06  -2.378676e-05 -1.867422e-06  
2.182228e+00  1.659342e-02 -1.147656e-06  -2.336303e-05 -1.862515e-06  
2.186232e+00  1.652427e-02 -1.145532e-06  -2.294637e-05 -1.857569e-06  
2.190235e+00  1.645390e-02 -1.143401e-06  -2.256505e-05 -1.852608e-06  
2.194239e+00  1.638436e-02 -1.141263e-06  -2.216308e-05 -1.847633e-06  
2.198243e+00  1.631623e-02 -1.139287e-06  -2.177139e-05 -1.842650e-06  
2.202247e+00  1.624854e-02 -1.137150e-06  -2.138339e-05 -1.837924e-06  
2.206251e+00  1.618114e-02 -1.135006e-06  -2.099781e-05 -1.832932e-06  
2.210255e+00  1.611478e-02 -1.132855e-06  -2.062013e-05 -1.827928e-06  
2.214259e+00  1.604929e-02 -1.130698e-06  -2.024929e-05 -1.822912e-06  
2.218263e+00  1.598472e-02 -1.128534e-06  -1.988623e-05 -1.817885e-06  
2.222267e+00  1.592122e-02 -1.126363e-06  -1.953228e-05 -1.812846e-06  
2.226271e+00  1.585844e-02 -1.124187e-06  -1.918453e-05 -1.807797e-06  
2.230274e+00  1.579641e-02 -1.122004e-06  -1.884304e-05 -1.802736e-06  
2.234278e+00  1.573513e-02 -1.119815e-06  -1.850778e-05 -1.797665e-06  
2.238282e+00  1.567470e-02 -1.117621e-06  -1.817924e-05 -1.792584e-06  
2.242286e+00  1.561500e-02 -1.115423e-06  -1.785666e-05 -1.787499e-06  
2.246290e+00  1.555604e-02 -1.113221e-06  -1.754016e-05 -1.782406e-06  
2.250294e+00  1.549781e-02 -1.111014e-06  -1.722969e-05 -1.777303e-06  
2.254298e+00  1.544030e-02 -1.108802e-06  -1.692522e-05 -1.772193e-06  
2.258302e+00  1.538354e-02 -1.106584e-06  -1.662676e-05 -1.767073e-06  
2.262306e+00  1.532707e-02 -1.104369e-06  -1.633062e-05 -1.761958e-06  
2.266310e+00  1.527114e-02 -1.102150e-06  -1.603893e-05 -1.756839e-06  
2.270314e+00  1.521584e-02 -1.099927e-06  -1.575259e-05 -1.751712e-06  
2.274317e+00  1.516097e-02 -1.097787e-06  -1.547032e-05 -1.746571e-06  
2.278321e+00  1.510675e-02 -1.095561e-06  -1.519349e-05 -1.741664e-06  
2.282325e+00  1.505318e-02 -1.093333e-06  -1.492207e-05 -1.736536e-06  
2.286329e+00  1.500026e-02 -1.091100e-06  -1.465601e-05 -1.731403e-06  
2.290333e+00  1.494800e-02 -1.088864e-06  -1.439543e-05 -1.726264e-06  
2.294337e+00  1.489638e-02 -1.086624e-06  -1.414019e-05 -1.721119e-06  
2.298341e+00  1.484540e-02 -1.084381e-06  -1.389018e-05 -1.715969e-06  
2.302345e+00  1.479507e-02 -1.082133e-06  -1.364555e-05 -1.710812e-06  
2.306349e+00  1.474547e-02 -1.079876e-06  -1.340699e-05 -1.705640e-06  
2.310353e+00  1.469638e-02 -1.077620e-06  -1.317271e-05 -1.700468e-06  
2.314356e+00  1.464700e-02 -1.075382e-06  -1.293634e-05 -1.695336e-06  
2.318360e+00  1.459757e-02 -1.073140e-06  -1.270125e-05 -1.690197e-06  
2.322364e+00  1.454868e-02 -1.070895e-06  -1.247075e-05 -1.685056e-06  
2.326368e+00  1.450063e-02 -1.068642e-06  -1.224738e-05 -1.679901e-06  
2.330372e+00  1.445309e-02 -1.066388e-06  -1.202819e-05 -1.674746e-06  
2.334376e+00  1.440603e-02 -1.064134e-06  -1.181304e-05 -1.669592e-06  
2.338380e+00  1.435949e-02 -1.061877e-06  -1.160227e-05 -1.664438e-06  
2.342384e+00  1.431347e-02 -1.059620e-06  -1.139581e-05 -1.659282e-06  
2.346388e+00  1.426795e-02 -1.057361e-06  -1.119362e-05 -1.654126e-06  
2.350392e+00  1.422293e-02 -1.055101e-06  -1.099565e-05 -1.648969e-06  
2.354395e+00  1.417841e-02 -1.052840e-06  -1.080185e-05 -1.643813e-06  
2.358399e+00  1.413438e-02 -1.050578e-06  -1.061216e-05 -1.638656e-06  
2.362403e+00  1.409083e-02 -1.048315e-06  -1.042654e-05 -1.633499e-06  
2.366407e+00  1.404775e-02 -1.046051e-06  -1.024494e-05 -1.628343e-06  
2.370411e+00  1.400534e-02 -1.043782e-06  -1.006897e-05 -1.623177e-06  
2.374415e+00  1.396367e-02 -1.041507e-06  -9.899387e-06 -1.617996e-06  
2.378419e+00  1.392250e-02 -1.039231e-06  -9.733893e-06 -1.612814e-06  
2.382423e+00  1.388179e-02 -1.036956e-06  -9.572393e-06 -1.607633e-06  
2.386427e+00  1.384156e-02 -1.034679e-06  -9.414842e-06 -1.602453e-06  
2.390431e+00  1.380179e-02 -1.032402e-06  -9.261280e-06 -1.597274e-06  
2.394435e+00  1.376231e-02 -1.030122e-06  -9.110118e-06 -1.592088e-06  
2.398438e+00  1.372326e-02 -1.027838e-06  -8.962456e-06 -1.586901e-06  
2.402442e+00  1.368470e-02 -1.025557e-06  -8.818865e-06 -1.581717e-06  
2.406446e+00  1.364693e-02 -1.023282e-06  -8.680982e-06 -1.576539e-06  
2.410450e+00  1.360976e-02 -1.021008e-06  -8.547599e-06 -1.571369e-06  
2.414454e+00  1.357303e-02 -1.018734e-06  -8.417822e-06 -1.566204e-06  
2.418458e+00  1.353674e-02 -1.016460e-06  -8.291692e-06 -1.561041e-06  
2.422462e+00  1.350054e-02 -1.014198e-06  -8.166187e-06 -1.555900e-06  
2.426466e+00  1.346436e-02 -1.011945e-06  -8.040954e-06 -1.550780e-06  
2.430470e+00  1.342864e-02 -1.009691e-06  -7.919454e-06 -1.545661e-06  
2.434474e+00  1.339331e-02 -1.007439e-06  -7.801180e-06 -1.540546e-06  
2.438477e+00  1.335870e-02 -1.005191e-06  -7.687903e-06 -1.535438e-06  
2.442481e+00  1.332449e-02 -1.002944e-06  -7.577928e-06 -1.530336e-06  
2.446485e+00  1.329067e-02 -1.000700e-06  -7.471117e-06 -1.525239e-06  
2.450489e+00  1.325724e-02 -9.984579e-07  -7.367426e-06 -1.520148e-06  
2.454493e+00  1.322418e-02 -9.962182e-07  -7.266809e-06 -1.515064e-06  
2.458497e+00  1.319150e-02 -9.939809e-07  -7.169222e-06 -1.509985e-06  
2.462501e+00  1.315919e-02 -9.917462e-07  -7.074619e-06 -1.504913e-06  
2.466505e+00  1.312723e-02 -9.895143e-07  -6.982956e-06 -1.499848e-06  
2.470509e+00  1.309587e-02 -9.872820e-07  -6.896045e-06 -1.494784e-06  
2.474513e+00  1.306493e-02 -9.850521e-07  -6.812384e-06 -1.489725e-06  
2.478517e+00  1.303423e-02 -9.828229e-07  -6.730978e-06 -1.484672e-06  
2.482520e+00  1.300378e-02 -9.805942e-07  -6.651728e-06 -1.479624e-06  
2.486524e+00  1.297366e-02 -9.783685e-07  -6.575238e-06 -1.474583e-06  
2.490528e+00  1.294388e-02 -9.761459e-07  -6.501471e-06 -1.469550e-06  
2.494532e+00  1.291443e-02 -9.739265e-07  -6.430383e-06 -1.464525e-06  
2.498536e+00  1.288530e-02 -9.717104e-07  -6.361924e-06 -1.459508e-06  
2.502540e+00  1.285650e-02 -9.694977e-07  -6.296054e-06 -1.454499e-06  
2.506544e+00  1.282801e-02 -9.672885e-07  -6.232730e-06 -1.449499e-06  
2.510548e+00  1.279983e-02 -9.650828e-07  -6.171910e-06 -1.444481e-06  
2.514552e+00  1.277186e-02 -9.628837e-07  -6.112746e-06 -1.439475e-06  
2.518556e+00  1.274419e-02 -9.606886e-07  -6.055935e-06 -1.434478e-06  
2.522559e+00  1.271680e-02 -9.584976e-07  -6.001470e-06 -1.429490e-06  
2.526563e+00  1.268973e-02 -9.562215e-07  -5.949626e-06 -1.424510e-06  
2.530567e+00  1.266333e-02 -9.540001e-07  -5.903638e-06 -1.419495e-06  
2.534571e+00  1.263713e-02 -9.517865e-07  -5.859151e-06 -1.414496e-06  
2.538575e+00  1.261066e-02 -9.496032e-07  -5.812324e-06 -1.409558e-06  
2.542579e+00  1.258413e-02 -9.474197e-07  -5.765871e-06 -1.404624e-06  
2.546583e+00  1.255760e-02 -9.452368e-07  -5.720006e-06 -1.399696e-06  
2.550587e+00  1.253146e-02 -9.430580e-07  -5.677424e-06 -1.394779e-06  
2.554591e+00  1.250564e-02 -9.408836e-07  -5.637403e-06 -1.389871e-06  
2.558595e+00  1.247999e-02 -9.387135e-07  -5.598998e-06 -1.384974e-06  
2.562598e+00  1.245454e-02 -9.365479e-07  -5.562314e-06 -1.380087e-06  
2.566602e+00  1.242931e-02 -9.343868e-07  -5.527401e-06 -1.375212e-06  
2.570606e+00  1.240441e-02 -9.322304e-07  -5.494979e-06 -1.370554e-06  
2.574610e+00  1.237974e-02 -9.300787e-07  -5.464329e-06 -1.365692e-06  
2.578614e+00  1.235530e-02 -9.279317e-07  -5.435378e-06 -1.360840e-06  
2.582618e+00  1.233105e-02 -9.257897e-07  -5.408068e-06 -1.355999e-06  
2.586622e+00  1.231244e-02 -9.236527e-07  -5.382359e-06 -1.351170e-06  
2.590626e+00  1.228801e-02 -9.215208e-07  -5.357740e-06 -1.346357e-06  
2.594630e+00  1.226372e-02 -9.193946e-07  -5.334278e-06 -1.341560e-06  
2.598634e+00  1.223957e-02 -9.173506e-07  -5.312240e-06 -1.336776e-06  
2.602638e+00  1.221558e-02 -9.152339e-07  -5.291609e-06 -1.332003e-06  
2.606641e+00  1.219156e-02 -9.131249e-07  -5.296688e-06 -1.327248e-06  
2.610645e+00  1.216765e-02 -9.110217e-07  -5.272192e-06 -1.322505e-06  
2.614649e+00  1.214387e-02 -9.089241e-07  -5.248713e-06 -1.317776e-06  
2.618653e+00  1.212040e-02 -9.068315e-07  -5.227858e-06 -1.313058e-06  
2.622657e+00  1.209715e-02 -9.047444e-07  -5.208796e-06 -1.308352e-06  
2.626661e+00  1.207402e-02 -9.026631e-07  -5.190718e-06 -1.303660e-06  
2.630665e+00  1.205157e-02 -9.005914e-07  -5.176922e-06 -1.298986e-06  
2.634669e+00  1.202952e-02 -8.985277e-07  -5.165710e-06 -1.294328e-06  
2.638673e+00  1.200761e-02 -8.964703e-07  -5.155577e-06 -1.289683e-06  
2.642677e+00  1.198584e-02 -8.944193e-07  -5.146458e-06 -1.285053e-06  
2.646680e+00  1.196419e-02 -8.923747e-07  -5.138307e-06 -1.280437e-06  
2.650684e+00  1.194267e-02 -8.903419e-07  -5.131092e-06 -1.275846e-06  
2.654688e+00  1.192128e-02 -8.883204e-07  -5.124779e-06 -1.271279e-06  
2.658692e+00  1.190000e-02 -8.863060e-07  -5.119331e-06 -1.266727e-06  
2.662696e+00  1.187883e-02 -8.842987e-07  -5.114709e-06 -1.262191e-06  
2.666700e+00  1.185777e-02 -8.822913e-07  -5.110877e-06 -1.257657e-06  
2.670704e+00  1.183682e-02 -8.802822e-07  -5.107799e-06 -1.253121e-06  
2.674708e+00  1.181600e-02 -8.782793e-07  -5.105721e-06 -1.248599e-06  
2.678712e+00  1.179576e-02 -8.762761e-07  -5.108374e-06 -1.244079e-06  
2.682716e+00  1.177563e-02 -8.742810e-07  -5.111839e-06 -1.239574e-06  
2.686720e+00  1.175562e-02 -8.722928e-07  -5.116079e-06 -1.235085e-06  
2.690723e+00  1.173601e-02 -8.703085e-07  -5.123772e-06 -1.230605e-06  
2.694727e+00  1.172035e-02 -8.683278e-07  -5.135121e-06 -1.226132e-06  
2.698731e+00  1.170109e-02 -8.663537e-07  -5.146588e-06 -1.221675e-06  
2.702735e+00  1.168179e-02 -8.643845e-07  -5.157644e-06 -1.217233e-06  
2.706739e+00  1.166259e-02 -8.624221e-07  -5.169450e-06 -1.212806e-06  
2.710743e+00  1.164349e-02 -8.604665e-07  -5.181978e-06 -1.208394e-06  
2.714747e+00  1.162447e-02 -8.585179e-07  -5.195196e-06 -1.203997e-06  
2.718751e+00  1.160554e-02 -8.565763e-07  -5.209075e-06 -1.199616e-06  
2.722755e+00  1.158669e-02 -8.546417e-07  -5.223584e-06 -1.195250e-06  
2.726759e+00  1.156793e-02 -8.527142e-07  -5.266046e-06 -1.190901e-06  
2.730762e+00  1.154923e-02 -8.507938e-07  -5.280840e-06 -1.186566e-06  
2.734766e+00  1.153061e-02 -8.488807e-07  -5.296121e-06 -1.182248e-06  
2.738770e+00  1.151206e-02 -8.469749e-07  -5.311863e-06 -1.177946e-06  
2.742774e+00  1.149358e-02 -8.450760e-07  -5.328092e-06 -1.173660e-06  
2.746778e+00  1.147528e-02 -8.431800e-07  -5.345404e-06 -1.169389e-06  
2.750782e+00  1.145704e-02 -8.412903e-07  -5.363087e-06 -1.165135e-06  
2.754786e+00  1.143886e-02 -8.394077e-07  -5.381132e-06 -1.160897e-06  
2.758790e+00  1.142073e-02 -8.375325e-07  -5.399514e-06 -1.156676e-06  
2.762794e+00  1.140266e-02 -8.356646e-07  -5.418203e-06 -1.152471e-06  
2.766798e+00  1.138450e-02 -8.338061e-07  -5.436023e-06 -1.148287e-06  
2.770802e+00  1.136629e-02 -8.319573e-07  -5.453288e-06 -1.144125e-06  
2.774805e+00  1.134815e-02 -8.301168e-07  -5.470952e-06 -1.139980e-06  
2.778809e+00  1.133003e-02 -8.282838e-07  -5.488534e-06 -1.135857e-06  
2.782813e+00  1.131195e-02 -8.264597e-07  -5.506149e-06 -1.131754e-06  
2.786817e+00  1.129350e-02 -8.246396e-07  -5.521635e-06 -1.127663e-06  
2.790821e+00  1.127494e-02 -8.228349e-07  -5.536245e-06 -1.123593e-06  
2.794825e+00  1.125632e-02 -8.210408e-07  -5.550306e-06 -1.119543e-06  
2.798829e+00  1.123769e-02 -8.192549e-07  -5.564218e-06 -1.115512e-06  
2.802833e+00  1.121905e-02 -8.174776e-07  -5.577872e-06 -1.111499e-06  
2.806837e+00  1.120069e-02 -8.156996e-07  -5.593806e-06 -1.107487e-06  
2.810841e+00  1.118273e-02 -8.139142e-07  -5.612981e-06 -1.103463e-06  
2.814844e+00  1.116478e-02 -8.121363e-07  -5.632100e-06 -1.099456e-06  
2.818848e+00  1.114683e-02 -8.103661e-07  -5.651137e-06 -1.095466e-06  
2.822852e+00  1.112883e-02 -8.086033e-07  -5.669794e-06 -1.091587e-06  
2.826856e+00  1.111083e-02 -8.068481e-07  -5.688327e-06 -1.087620e-06  
2.830860e+00  1.109282e-02 -8.051007e-07  -5.706690e-06 -1.083670e-06  
2.834864e+00  1.107479e-02 -8.033610e-07  -5.724860e-06 -1.079737e-06  
2.838868e+00  1.105676e-02 -8.016292e-07  -5.742809e-06 -1.075821e-06  
2.842872e+00  1.103870e-02 -7.999052e-07  -5.760513e-06 -1.071921e-06  
2.846876e+00  1.102062e-02 -7.981891e-07  -5.777947e-06 -1.068039e-06  
2.850880e+00  1.100253e-02 -7.964809e-07  -5.795085e-06 -1.064174e-06  
2.854883e+00  1.098440e-02 -7.947807e-07  -5.811903e-06 -1.060326e-06  
2.858887e+00  1.096637e-02 -7.930864e-07  -5.829570e-06 -1.056496e-06  
2.862891e+00  1.094838e-02 -7.913987e-07  -5.847594e-06 -1.052682e-06  
2.866895e+00  1.093036e-02 -7.897190e-07  -5.865292e-06 -1.048886e-06  
2.870899e+00  1.091257e-02 -7.880521e-07  -5.884215e-06 -1.045108e-06  
2.874903e+00  1.089480e-02 -7.863942e-07  -5.903063e-06 -1.041347e-06  
2.878907e+00  1.087701e-02 -7.847446e-07  -5.921581e-06 -1.037603e-06  
2.882911e+00  1.085918e-02 -7.831029e-07  -5.939675e-06 -1.033877e-06  
2.886915e+00  1.084125e-02 -7.814679e-07  -5.956884e-06 -1.030169e-06  
2.890919e+00  1.082329e-02 -7.798413e-07  -5.973613e-06 -1.026479e-06  
2.894923e+00  1.080529e-02 -7.782230e-07  -5.989902e-06 -1.022806e-06  
2.898926e+00  1.078724e-02 -7.766130e-07  -6.005730e-06 -1.019151e-06  
2.902930e+00  1.076916e-02 -7.750114e-07  -6.021074e-06 -1.015514e-06  
2.906934e+00  1.075103e-02 -7.734182e-07  -6.035931e-06 -1.011895e-06  
2.910938e+00  1.073283e-02 -7.718339e-07  -6.050101e-06 -1.008294e-06  
2.914942e+00  1.071458e-02 -7.702582e-07  -6.063725e-06 -1.004710e-06  
2.918946e+00  1.069629e-02 -7.686909e-07  -6.076777e-06 -1.001145e-06  
2.922950e+00  1.067793e-02 -7.669599e-07  -6.089236e-06 -9.978152e-07  
2.926954e+00  1.065958e-02 -7.653994e-07  -6.101377e-06 -9.943052e-07  
2.930958e+00  1.064122e-02 -7.638506e-07  -6.113103e-06 -9.908169e-07  
2.934962e+00  1.062277e-02 -7.623077e-07  -6.124164e-06 -9.873416e-07  
2.938965e+00  1.060439e-02 -7.607662e-07  -6.135658e-06 -9.838773e-07  
2.942969e+00  1.058604e-02 -7.592342e-07  -6.147038e-06 -9.804324e-07  
2.946973e+00  1.056777e-02 -7.577126e-07  -6.158529e-06 -9.770072e-07  
2.950977e+00  1.054958e-02 -7.561993e-07  -6.170524e-06 -9.735920e-07  
2.954981e+00  1.053176e-02 -7.546945e-07  -6.185522e-06 -9.701673e-07  
2.958985e+00  1.051391e-02 -7.531980e-07  -6.200014e-06 -9.667602e-07  
2.962989e+00  1.049601e-02 -7.517100e-07  -6.213989e-06 -9.633705e-07  
2.966993e+00  1.047807e-02 -7.502304e-07  -6.227427e-06 -9.599985e-07  
2.970997e+00  1.046008e-02 -7.487594e-07  -6.240312e-06 -9.566441e-07  
2.975001e+00  1.044205e-02 -7.472968e-07  -6.252421e-06 -9.533107e-07  
2.979005e+00  1.042396e-02 -7.458427e-07  -6.263879e-06 -9.499964e-07  
2.983008e+00  1.040582e-02 -7.443963e-07  -6.274765e-06 -9.466992e-07  
2.987012e+00  1.038763e-02 -7.429584e-07  -6.285031e-06 -9.434198e-07  
2.991016e+00  1.036939e-02 -7.415291e-07  -6.294676e-06 -9.401582e-07  
2.995020e+00  1.035109e-02 -7.401083e-07  -6.303686e-06 -9.369143e-07  
2.999024e+00  1.033263e-02 -7.386961e-07  -6.311387e-06 -9.336907e-07  
3.003028e+00  1.031413e-02 -7.372867e-07  -6.318598e-06 -9.304803e-07  
3.007032e+00  1.029563e-02 -7.358784e-07  -6.325688e-06 -9.272805e-07  
3.011036e+00  1.027706e-02 -7.344782e-07  -6.332074e-06 -9.240985e-07  
3.015040e+00  1.025843e-02 -7.330865e-07  -6.337692e-06 -9.209344e-07  
3.019044e+00  1.023971e-02 -7.317039e-07  -6.342448e-06 -9.177888e-07  
3.023047e+00  1.022090e-02 -7.303296e-07  -6.346402e-06 -9.146610e-07  
3.027051e+00  1.020203e-02 -7.289635e-07  -6.349584e-06 -9.116178e-07  
3.031055e+00  1.018315e-02 -7.276047e-07  -6.352661e-06 -9.085379e-07  
3.035059e+00  1.016427e-02 -7.262532e-07  -6.355515e-06 -9.054742e-07  
3.039063e+00  1.014531e-02 -7.249100e-07  -6.357601e-06 -9.024286e-07  
3.043067e+00  1.012625e-02 -7.235742e-07  -6.358732e-06 -8.994001e-07  
3.047071e+00  1.010680e-02 -7.222387e-07  -6.357343e-06 -8.963803e-07  
3.051075e+00  1.008726e-02 -7.209112e-07  -6.355085e-06 -8.933783e-07  
3.055079e+00  1.006764e-02 -7.195916e-07  -6.351941e-06 -8.903941e-07  
3.059083e+00  1.004792e-02 -7.182801e-07  -6.347904e-06 -8.874277e-07  
3.063086e+00  1.002682e-02 -7.169765e-07  -6.324293e-06 -8.844791e-07  
3.067090e+00  1.000657e-02 -7.156809e-07  -6.316168e-06 -8.815484e-07  
3.071094e+00  9.986216e-03 -7.143933e-07  -6.307050e-06 -8.786355e-07  
3.075098e+00  9.965759e-03 -7.131136e-07  -6.296949e-06 -8.757403e-07  
3.079102e+00  9.945196e-03 -7.118418e-07  -6.285851e-06 -8.728629e-07  
3.083106e+00  9.924524e-03 -7.105781e-07  -6.273722e-06 -8.700033e-07  
3.087110e+00  9.903740e-03 -7.093223e-07  -6.260548e-06 -8.671616e-07  
3.091114e+00  9.882844e-03 -7.080746e-07  -6.246318e-06 -8.643377e-07  
3.095118e+00  9.861833e-03 -7.068348e-07  -6.231019e-06 -8.615317e-07  
3.099122e+00  9.841454e-03 -7.055807e-07  -6.220876e-06 -8.587004e-07  
3.103126e+00  9.821413e-03 -7.043210e-07  -6.213420e-06 -8.558607e-07  
3.107129e+00  9.801291e-03 -7.030682e-07  -6.205181e-06 -8.530367e-07  
3.111133e+00  9.781089e-03 -7.018222e-07  -6.196152e-06 -8.502283e-07  
3.115137e+00  9.760888e-03 -7.005805e-07  -6.186812e-06 -8.474348e-07  
3.119141e+00  9.740691e-03 -6.993432e-07  -6.177176e-06 -8.446562e-07  
3.123145e+00  9.720455e-03 -6.981135e-07  -6.166989e-06 -8.418943e-07  
3.127149e+00  9.700589e-03 -6.969010e-07  -6.158513e-06 -8.391603e-07  
3.131153e+00  9.680680e-03 -6.956956e-07  -6.149396e-06 -8.364422e-07  
3.135157e+00  9.664995e-03 -6.944970e-07  -6.139567e-06 -8.337400e-07  
3.139161e+00  9.644714e-03 -6.933054e-07  -6.159593e-06 -8.310536e-07  
3.143165e+00  9.624358e-03 -6.921208e-07  -6.146273e-06 -8.283831e-07  
3.147168e+00  9.603924e-03 -6.909430e-07  -6.132141e-06 -8.257283e-07  
3.151172e+00  9.583414e-03 -6.897722e-07  -6.117191e-06 -8.230892e-07  
3.155176e+00  9.562825e-03 -6.886082e-07  -6.101415e-06 -8.204659e-07  
3.159180e+00  9.542159e-03 -6.874512e-07  -6.084813e-06 -8.178584e-07  
3.163184e+00  9.521414e-03 -6.863009e-07  -6.067380e-06 -8.152664e-07  
3.167188e+00  9.500589e-03 -6.851576e-07  -6.049102e-06 -8.126902e-07  
3.171192e+00  9.479690e-03 -6.840206e-07  -6.030035e-06 -8.101286e-07  
3.175196e+00  9.458747e-03 -6.828880e-07  -6.010423e-06 -8.075780e-07  
3.179200e+00  9.437726e-03 -6.817608e-07  -5.989736e-06 -8.050491e-07  
3.183204e+00  9.416596e-03 -6.806350e-07  -5.968005e-06 -8.025314e-07  
3.187208e+00  9.395363e-03 -6.795117e-07  -5.945274e-06 -8.000254e-07  
3.191211e+00  9.374045e-03 -6.783946e-07  -5.921658e-06 -7.975346e-07  
3.195215e+00  9.352643e-03 -6.772839e-07  -5.897152e-06 -7.950591e-07  
3.199219e+00  9.331156e-03 -6.761794e-07  -5.871750e-06 -7.925988e-07  
3.203223e+00  9.309626e-03 -6.750801e-07  -5.845805e-06 -7.901513e-07  
3.207227e+00  9.288066e-03 -6.739859e-07  -5.819430e-06 -7.877171e-07  
3.211231e+00  9.266458e-03 -6.728980e-07  -5.792487e-06 -7.852978e-07  
3.215235e+00  9.244724e-03 -6.718208e-07  -5.764383e-06 -7.828950e-07  
3.219239e+00  9.222819e-03 -6.707580e-07  -5.734827e-06 -7.805113e-07  
3.223243e+00  9.200848e-03 -6.697011e-07  -5.704533e-06 -7.781428e-07  
3.227247e+00  9.178917e-03 -6.686506e-07  -5.674057e-06 -7.758703e-07  
3.231250e+00  9.156874e-03 -6.676098e-07  -5.642555e-06 -7.735501e-07  
3.235254e+00  9.134736e-03 -6.665761e-07  -5.610072e-06 -7.712457e-07  
3.239258e+00  9.112515e-03 -6.655489e-07  -5.576688e-06 -7.689567e-07  
3.243262e+00  9.090219e-03 -6.645275e-07  -5.542486e-06 -7.666824e-07  
3.247266e+00  9.068394e-03 -6.634910e-07  -5.512026e-06 -7.643909e-07  
3.251270e+00  9.046749e-03 -6.624655e-07  -5.482866e-06 -7.621022e-07  
3.255274e+00  9.024992e-03 -6.614497e-07  -5.452567e-06 -7.598314e-07  
3.259278e+00  9.003171e-03 -6.604398e-07  -5.421541e-06 -7.575745e-07  
3.263282e+00  8.981285e-03 -6.595665e-07  -5.389787e-06 -7.553315e-07  
3.267286e+00  8.959342e-03 -6.585717e-07  -5.357349e-06 -7.531022e-07  
3.271289e+00  8.937381e-03 -6.575814e-07  -5.324577e-06 -7.508838e-07  
3.275293e+00  8.915359e-03 -6.565970e-07  -5.291087e-06 -7.486792e-07  
3.279297e+00  8.893273e-03 -6.556184e-07  -5.256877e-06 -7.462821e-07  
3.283301e+00  8.871125e-03 -6.546457e-07  -5.221948e-06 -7.441044e-07  
3.287305e+00  8.848913e-03 -6.536787e-07  -5.186297e-06 -7.419403e-07  
3.291309e+00  8.826639e-03 -6.527175e-07  -5.149924e-06 -7.397898e-07  
3.295313e+00  8.804302e-03 -6.517621e-07  -5.112829e-06 -7.376528e-07  
3.299317e+00  8.781902e-03 -6.508124e-07  -5.075011e-06 -7.355293e-07  
3.303321e+00  8.759439e-03 -6.498683e-07  -5.036469e-06 -7.334193e-07  
3.307325e+00  8.736914e-03 -6.489299e-07  -4.997211e-06 -7.313227e-07  
3.311329e+00  8.714398e-03 -6.479959e-07  -4.957597e-06 -7.292395e-07  
3.315332e+00  8.691827e-03 -6.470674e-07  -4.917277e-06 -7.271695e-07  
3.319336e+00  8.669195e-03 -6.461445e-07  -4.876244e-06 -7.251128e-07  
3.323340e+00  8.646289e-03 -6.452233e-07  -4.833324e-06 -7.230694e-07  
3.327344e+00  8.623272e-03 -6.443068e-07  -4.789414e-06 -7.210390e-07  
3.331348e+00  8.600186e-03 -6.433957e-07  -4.744741e-06 -7.190218e-07  
3.335352e+00  8.577032e-03 -6.424899e-07  -4.699310e-06 -7.170177e-07  
3.339356e+00  8.553818e-03 -6.415897e-07  -4.653196e-06 -7.150265e-07  
3.343360e+00  8.530539e-03 -6.406951e-07  -4.606345e-06 -7.130483e-07  
3.347364e+00  8.507192e-03 -6.398058e-07  -4.558738e-06 -7.112389e-07  
3.351368e+00  8.483777e-03 -6.389216e-07  -4.510377e-06 -7.092793e-07  
3.355371e+00  8.460294e-03 -6.380427e-07  -4.461262e-06 -7.073323e-07  
3.359375e+00  8.436744e-03 -6.371689e-07  -4.411391e-06 -7.053976e-07  
3.363379e+00  8.413126e-03 -6.363002e-07  -4.360767e-06 -7.034754e-07  
3.367383e+00  8.389634e-03 -6.354310e-07  -4.311007e-06 -7.015546e-07  
3.371387e+00  8.366299e-03 -6.345598e-07  -4.262428e-06 -6.996325e-07  
3.375391e+00  8.342905e-03 -6.336932e-07  -4.213185e-06 -6.977219e-07  
3.379395e+00  8.319456e-03 -6.328313e-07  -4.163297e-06 -6.958227e-07  
3.383399e+00  8.295952e-03 -6.319739e-07  -4.112765e-06 -6.939349e-07  
3.387403e+00  8.272390e-03 -6.311212e-07  -4.061531e-06 -6.920594e-07  
3.391407e+00  8.248758e-03 -6.302750e-07  -4.009361e-06 -6.902027e-07  
3.395411e+00  8.225103e-03 -6.294347e-07  -3.956723e-06 -6.883589e-07  
3.399414e+00  8.201772e-03 -6.285968e-07  -3.906338e-06 -6.865189e-07  
3.403418e+00  8.178574e-03 -6.277590e-07  -3.856857e-06 -6.846818e-07  
3.407422e+00  8.155323e-03 -6.269254e-07  -3.806779e-06 -6.828553e-07  
3.411426e+00  8.132016e-03 -6.260960e-07  -3.726806e-06 -6.810395e-07  
3.415430e+00  8.108671e-03 -6.252708e-07  -3.673295e-06 -6.792344e-07  
3.419434e+00  8.085156e-03 -6.244542e-07  -3.619230e-06 -6.774489e-07  
3.423438e+00  8.061596e-03 -6.236421e-07  -3.564613e-06 -6.756747e-07  
3.427442e+00  8.037996e-03 -6.228343e-07  -3.509448e-06 -6.739112e-07  
3.431446e+00  8.014357e-03 -6.220306e-07  -3.453739e-06 -6.721584e-07  
3.435450e+00  7.990681e-03 -6.212312e-07  -3.397488e-06 -6.704163e-07  
3.439453e+00  7.966966e-03 -6.204359e-07  -3.340699e-06 -6.686847e-07  
3.443457e+00  7.943134e-03 -6.196486e-07  -3.283376e-06 -6.669650e-07  
3.447461e+00  7.919211e-03 -6.188648e-07  -3.225521e-06 -6.652538e-07  
3.451465e+00  7.895246e-03 -6.180835e-07  -3.167164e-06 -6.635513e-07  
3.455469e+00  7.871242e-03 -6.173061e-07  -3.108298e-06 -6.618590e-07  
3.459473e+00  7.847197e-03 -6.165328e-07  -3.048913e-06 -6.601768e-07  
3.463477e+00  7.823145e-03 -6.157627e-07  -2.989011e-06 -6.585031e-07  
3.467481e+00  7.793235e-03 -6.149961e-07  -2.928596e-06 -6.568387e-07  
3.471485e+00  7.769021e-03 -6.142340e-07  -2.867673e-06 -6.551846e-07  
3.475489e+00  7.744761e-03 -6.134760e-07  -2.806165e-06 -6.535412e-07  
3.479492e+00  7.720399e-03 -6.127235e-07  -2.743605e-06 -6.519109e-07  
3.483496e+00  7.695999e-03 -6.119749e-07  -2.680530e-06 -6.502904e-07  
3.487500e+00  7.671562e-03 -6.112301e-07  -2.616943e-06 -6.486798e-07  
3.491504e+00  7.647421e-03 -6.104845e-07  -2.555632e-06 -6.470699e-07  
3.495508e+00  7.623619e-03 -6.097375e-07  -2.496947e-06 -6.454597e-07  
3.499512e+00  7.599801e-03 -6.089941e-07  -2.437931e-06 -6.438586e-07  
3.503516e+00  7.575968e-03 -6.082541e-07  -2.378590e-06 -6.422666e-07  
3.507520e+00  7.552133e-03 -6.075174e-07  -2.318998e-06 -6.406834e-07  
3.511524e+00  7.528346e-03 -6.067837e-07  -2.259460e-06 -6.391089e-07  
3.515528e+00  7.504549e-03 -6.060533e-07  -2.199627e-06 -6.375431e-07  
3.519532e+00  7.480742e-03 -6.053261e-07  -2.139505e-06 -6.359860e-07  
3.523535e+00  7.456969e-03 -6.046025e-07  -2.079334e-06 -6.344379e-07  
3.527539e+00  7.433432e-03 -6.038836e-07  -2.020231e-06 -6.329000e-07  
3.531543e+00  7.409895e-03 -6.031678e-07  -1.960901e-06 -6.313707e-07  
3.535547e+00  7.386360e-03 -6.024553e-07  -1.901346e-06 -6.298498e-07  
3.539551e+00  7.362827e-03 -6.017459e-07  -1.841579e-06 -6.283372e-07  
3.543555e+00  7.339297e-03 -6.010395e-07  -1.781605e-06 -6.268330e-07  
3.547559e+00  7.315771e-03 -6.003362e-07  -1.721432e-06 -6.253369e-07  
3.551563e+00  7.292250e-03 -5.996343e-07  -1.661067e-06 -6.238458e-07  
3.555567e+00  7.268735e-03 -5.989303e-07  -1.600516e-06 -6.223529e-07  
3.559571e+00  7.245252e-03 -5.982287e-07  -1.539995e-06 -6.208671e-07  
3.563574e+00  7.221815e-03 -5.975291e-07  -1.479633e-06 -6.193875e-07  
3.567578e+00  7.198389e-03 -5.968322e-07  -1.419121e-06 -6.179152e-07  
3.571582e+00  7.174974e-03 -5.961378e-07  -1.358466e-06 -6.164503e-07  
3.575586e+00  7.151571e-03 -5.954489e-07  -1.297674e-06 -6.149992e-07  
3.579590e+00  7.128181e-03 -5.947634e-07  -1.236754e-06 -6.135572e-07  
3.583594e+00  7.104801e-03 -5.940806e-07  -1.175681e-06 -6.121227e-07  
3.587598e+00  7.081270e-03 -5.934027e-07  -1.113080e-06 -6.107005e-07  
3.591602e+00  7.057631e-03 -5.927293e-07  -1.049288e-06 -6.092894e-07  
3.595606e+00  7.034001e-03 -5.920585e-07  -9.853239e-07 -6.078858e-07  
3.599610e+00  7.010380e-03 -5.913903e-07  -9.211953e-07 -6.064894e-07  
3.603614e+00  6.986769e-03 -5.907246e-07  -8.569083e-07 -6.051002e-07  
3.607617e+00  6.963171e-03 -5.900612e-07  -7.922100e-07 -6.037196e-07  
3.611621e+00  6.939585e-03 -5.894001e-07  -7.272852e-07 -6.023465e-07  
3.615625e+00  6.916012e-03 -5.887401e-07  -6.622120e-07 -6.009779e-07  
3.619629e+00  6.892062e-03 -5.880408e-07  -5.949318e-07 -5.996051e-07  
3.623633e+00  6.868086e-03 -5.873745e-07  -5.273632e-07 -5.982388e-07  
3.627637e+00  6.844113e-03 -5.867102e-07  -4.596044e-07 -5.968790e-07  
3.631641e+00  6.820144e-03 -5.860479e-07  -3.916613e-07 -5.955256e-07  
3.635645e+00  6.796180e-03 -5.853874e-07  -3.235399e-07 -5.940845e-07  
3.639649e+00  6.772222e-03 -5.847289e-07  -2.552459e-07 -5.927430e-07  
3.643653e+00  6.748269e-03 -5.840721e-07  -1.867853e-07 -5.914078e-07  
3.647656e+00  6.724324e-03 -5.834172e-07  -1.181640e-07 -5.900786e-07  
3.651660e+00  6.700386e-03 -5.827640e-07  -4.938807e-08 -5.887555e-07  
3.655664e+00  6.676456e-03 -5.821125e-07  1.953664e-08 -5.874384e-07  
3.659668e+00  6.652536e-03 -5.814627e-07  8.860411e-08 -5.861272e-07  
3.663672e+00  6.628625e-03 -5.808145e-07  1.578083e-07 -5.848219e-07  
3.667676e+00  6.604725e-03 -5.801679e-07  2.271433e-07 -5.835222e-07  
3.671680e+00  6.580840e-03 -5.795228e-07  2.965731e-07 -5.822281e-07  
3.675684e+00  6.556983e-03 -5.788786e-07  3.659830e-07 -5.809385e-07  
3.679688e+00  6.532967e-03 -5.782432e-07  4.366436e-07 -5.796569e-07  
3.683692e+00  6.508925e-03 -5.776138e-07  5.076850e-07 -5.783840e-07  
3.687695e+00  6.485005e-03 -5.769956e-07  5.781982e-07 -5.771278e-07  
3.691699e+00  6.461098e-03 -5.763794e-07  6.488217e-07 -5.758774e-07  
3.695703e+00  6.437205e-03 -5.757651e-07  7.195498e-07 -5.746327e-07  
3.699707e+00  6.413326e-03 -5.752098e-07  7.903763e-07 -5.733935e-07  
3.703711e+00  6.389462e-03 -5.745920e-07  8.612954e-07 -5.721600e-07  
3.707715e+00  6.365743e-03 -5.739748e-07  9.312207e-07 -5.709284e-07  
3.711719e+00  6.342268e-03 -5.733576e-07  9.993254e-07 -5.696963e-07  
3.715723e+00  6.318820e-03 -5.727423e-07  1.067424e-06 -5.684693e-07  
3.719727e+00  6.295401e-03 -5.721284e-07  1.135508e-06 -5.672472e-07  
3.723731e+00  6.271972e-03 -5.715167e-07  1.203739e-06 -5.660304e-07  
3.727735e+00  6.248598e-03 -5.709026e-07  1.271759e-06 -5.648107e-07  
3.731738e+00  6.225254e-03 -5.702897e-07  1.339738e-06 -5.635954e-07  
3.735742e+00  6.201942e-03 -5.696777e-07  1.407676e-06 -5.623997e-07  
3.739746e+00  6.178660e-03 -5.690661e-07  1.475509e-06 -5.611914e-07  
3.743750e+00  6.155770e-03 -5.684515e-07  1.540268e-06 -5.599799e-07  
3.747754e+00  6.132947e-03 -5.678375e-07  1.604674e-06 -5.587719e-07  
3.751758e+00  6.110168e-03 -5.672244e-07  1.668927e-06 -5.575678e-07  
3.755762e+00  6.087393e-03 -5.666130e-07  1.733362e-06 -5.563691e-07  
3.759766e+00  6.064495e-03 -5.660068e-07  1.799037e-06 -5.551831e-07  
3.763770e+00  6.041525e-03 -5.654056e-07  1.865577e-06 -5.540097e-07  
3.767774e+00  6.018481e-03 -5.648075e-07  1.933004e-06 -5.528453e-07  
3.771777e+00  5.995474e-03 -5.642104e-07  2.000337e-06 -5.516851e-07  
3.775781e+00  5.972506e-03 -5.636143e-07  2.067566e-06 -5.505291e-07  
3.779785e+00  5.949576e-03 -5.630192e-07  2.134687e-06 -5.493772e-07  
3.783789e+00  5.926688e-03 -5.624249e-07  2.201690e-06 -5.482290e-07  
3.787793e+00  5.903840e-03 -5.618312e-07  2.268571e-06 -5.470843e-07  
3.791797e+00  5.881034e-03 -5.612384e-07  2.335321e-06 -5.459435e-07  
3.795801e+00  5.858270e-03 -5.606464e-07  2.401935e-06 -5.448065e-07  
3.799805e+00  5.835549e-03 -5.600551e-07  2.468405e-06 -5.436733e-07  
3.803809e+00  5.812873e-03 -5.594646e-07  2.534724e-06 -5.425437e-07  
3.807813e+00  5.790241e-03 -5.588748e-07  2.600886e-06 -5.414176e-07  
3.811817e+00  5.767655e-03 -5.582857e-07  2.666884e-06 -5.402952e-07  
3.815820e+00  5.745116e-03 -5.576973e-07  2.732710e-06 -5.391761e-07  
3.819824e+00  5.722624e-03 -5.571095e-07  2.798358e-06 -5.380605e-07  
3.823828e+00  5.700180e-03 -5.565222e-07  2.863822e-06 -5.369482e-07  
3.827832e+00  5.677785e-03 -5.559355e-07  2.929093e-06 -5.358392e-07  
3.831836e+00  5.655437e-03 -5.553491e-07  2.994165e-06 -5.347340e-07  
3.835840e+00  5.633134e-03 -5.547632e-07  3.059030e-06 -5.336322e-07  
3.839844e+00  5.610883e-03 -5.541778e-07  3.123682e-06 -5.325336e-07  
3.843848e+00  5.588683e-03 -5.535927e-07  3.188114e-06 -5.314380e-07  
3.847852e+00  5.566537e-03 -5.530098e-07  3.252321e-06 -5.303475e-07  
3.851856e+00  5.544444e-03 -5.524275e-07  3.316294e-06 -5.292601e-07  
3.855859e+00  5.522406e-03 -5.518459e-07  3.380027e-06 -5.281765e-07  
3.859863e+00  5.500423e-03 -5.512648e-07  3.443512e-06 -5.270958e-07  
3.863867e+00  5.478497e-03 -5.506839e-07  3.506744e-06 -5.260179e-07  
3.867871e+00  5.456628e-03 -5.501043e-07  3.569715e-06 -5.249447e-07  
3.871875e+00  5.434816e-03 -5.495243e-07  3.632418e-06 -5.238727e-07  
3.875879e+00  5.413063e-03 -5.489445e-07  3.694847e-06 -5.228034e-07  
3.879883e+00  5.391370e-03 -5.483649e-07  3.756994e-06 -5.217366e-07  
3.883887e+00  5.369737e-03 -5.477855e-07  3.818853e-06 -5.206723e-07  
3.887891e+00  5.348165e-03 -5.472062e-07  3.880417e-06 -5.196104e-07  
3.891895e+00  5.326655e-03 -5.466270e-07  3.941679e-06 -5.185509e-07  
3.895898e+00  5.305216e-03 -5.460477e-07  4.002563e-06 -5.174934e-07  
3.899902e+00  5.283857e-03 -5.454706e-07  4.063000e-06 -5.164423e-07  
3.903906e+00  5.262614e-03 -5.448945e-07  4.122937e-06 -5.153953e-07  
3.907910e+00  5.241441e-03 -5.443185e-07  4.182528e-06 -5.143506e-07  
3.911914e+00  5.220336e-03 -5.437425e-07  4.241772e-06 -5.133081e-07  
3.915918e+00  5.199300e-03 -5.431666e-07  4.300663e-06 -5.122677e-07  
3.919922e+00  5.178334e-03 -5.425905e-07  4.359193e-06 -5.112294e-07  
3.923926e+00  5.157433e-03 -5.420177e-07  4.417385e-06 -5.101941e-07  
3.927930e+00  5.136600e-03 -5.414462e-07  4.475227e-06 -5.091613e-07  
3.931934e+00  5.115839e-03 -5.408729e-07  4.532688e-06 -5.081281e-07  
3.935938e+00  5.094997e-03 -5.402987e-07  4.591077e-06 -5.070975e-07  
3.939941e+00  5.074159e-03 -5.397251e-07  4.649667e-06 -5.060702e-07  
3.943945e+00  5.053390e-03 -5.391514e-07  4.707904e-06 -5.050447e-07  
3.947949e+00  5.032691e-03 -5.385775e-07  4.765778e-06 -5.040209e-07  
3.951953e+00  5.012032e-03 -5.380040e-07  4.823546e-06 -5.029996e-07  
3.955957e+00  4.991424e-03 -5.374318e-07  4.881110e-06 -5.019836e-07  
3.959961e+00  4.970887e-03 -5.368624e-07  4.938307e-06 -5.009759e-07  
3.963965e+00  4.950422e-03 -5.362929e-07  4.995131e-06 -4.999701e-07  
3.967969e+00  4.930028e-03 -5.357232e-07  5.051576e-06 -4.989659e-07  
3.971973e+00  4.909708e-03 -5.351533e-07  5.107636e-06 -4.979633e-07  
3.975977e+00  4.889461e-03 -5.345831e-07  5.163303e-06 -4.969623e-07  
3.979980e+00  4.869288e-03 -5.340127e-07  5.218573e-06 -4.959629e-07  
3.983984e+00  4.849191e-03 -5.334420e-07  5.273438e-06 -4.949649e-07  
3.987988e+00  4.829170e-03 -5.328721e-07  5.327893e-06 -4.939685e-07  
3.991992e+00  4.809226e-03 -5.323066e-07  5.381931e-06 -4.929790e-07  
3.995996e+00  4.789342e-03 -5.317427e-07  5.435700e-06 -4.919938e-07  
4.000000e+00  4.769521e-03 -5.311793e-07  5.489167e-06 -4.910116e-07  
