# kT [GeV]         GTMD (T-even-UU T-even-UT T-odd-UU T-odd-UT) at (xi, -t) = [(1.500100e-01, -5.000000e-01)]
1.000000e-04  4.545622e-01 4.649042e-13  -6.974893e-01 -2.060442e-12  
4.103904e-03  4.544215e-01 7.824484e-10  -6.975358e-01 -3.469954e-09  
8.107808e-03  4.545192e-01 3.056254e-09  -6.971999e-01 -1.354469e-08  
1.211171e-02  4.547066e-01 6.819797e-09  -6.974360e-01 -3.022454e-08  
1.611562e-02  4.544762e-01 1.207371e-08  -6.970383e-01 -5.351010e-08  
2.011952e-02  4.543710e-01 1.881706e-08  -6.972894e-01 -8.338698e-08  
2.412342e-02  4.544218e-01 2.705452e-08  -6.971994e-01 -1.198791e-07  
2.812733e-02  4.544059e-01 3.677547e-08  -6.971097e-01 -1.629826e-07  
3.213123e-02  4.543113e-01 4.807225e-08  -6.970958e-01 -2.126547e-07  
3.613514e-02  4.542507e-01 6.068154e-08  -6.967748e-01 -2.688781e-07  
4.013904e-02  4.542195e-01 7.488207e-08  -6.966766e-01 -3.317654e-07  
4.414294e-02  4.541620e-01 9.055459e-08  -6.968194e-01 -4.011976e-07  
4.814685e-02  4.540369e-01 1.077124e-07  -6.962646e-01 -4.772085e-07  
5.215075e-02  4.539695e-01 1.263594e-07  -6.960454e-01 -5.597833e-07  
5.615465e-02  4.537787e-01 1.464914e-07  -6.958256e-01 -6.489283e-07  
6.015856e-02  4.537360e-01 1.681143e-07  -6.955810e-01 -7.446432e-07  
6.416246e-02  4.536583e-01 1.912070e-07  -6.953224e-01 -8.470239e-07  
6.816637e-02  4.535142e-01 2.157906e-07  -6.949195e-01 -9.558167e-07  
7.217027e-02  4.533277e-01 2.418411e-07  -6.946788e-01 -1.070882e-06  
7.617417e-02  4.532953e-01 2.693834e-07  -6.946380e-01 -1.192867e-06  
8.017808e-02  4.531811e-01 2.983723e-07  -6.939411e-01 -1.321247e-06  
8.418198e-02  4.529467e-01 3.288162e-07  -6.936258e-01 -1.456097e-06  
8.818589e-02  4.528574e-01 3.608617e-07  -6.934182e-01 -1.597230e-06  
9.218979e-02  4.525862e-01 3.943093e-07  -6.929444e-01 -1.745179e-06  
9.619369e-02  4.525778e-01 4.292552e-07  -6.923818e-01 -1.899879e-06  
1.001976e-01  4.523479e-01 4.656331e-07  -6.919880e-01 -2.059933e-06  
1.042015e-01  4.521699e-01 5.033610e-07  -6.918286e-01 -2.227670e-06  
1.082054e-01  4.518937e-01 5.427635e-07  -6.911916e-01 -2.400925e-06  
1.122093e-01  4.517229e-01 5.835004e-07  -6.908022e-01 -2.581202e-06  
1.162132e-01  4.516549e-01 6.258335e-07  -6.902304e-01 -2.767647e-06  
1.202171e-01  4.513418e-01 6.691367e-07  -6.897427e-01 -2.960412e-06  
1.242210e-01  4.511119e-01 7.146571e-07  -6.893031e-01 -3.159653e-06  
1.282249e-01  4.509094e-01 7.613371e-07  -6.886481e-01 -3.365283e-06  
1.322288e-01  4.506607e-01 8.093634e-07  -6.883146e-01 -3.577308e-06  
1.362327e-01  4.503908e-01 8.585290e-07  -6.876406e-01 -3.795696e-06  
1.402366e-01  4.501931e-01 9.098371e-07  -6.869295e-01 -4.020261e-06  
1.442405e-01  4.499385e-01 9.623372e-07  -6.863560e-01 -4.251137e-06  
1.482444e-01  4.495988e-01 1.016195e-06  -6.857901e-01 -4.488076e-06  
1.522483e-01  4.494634e-01 1.071562e-06  -6.851424e-01 -4.731879e-06  
1.562523e-01  4.491155e-01 1.127820e-06  -6.844376e-01 -4.981514e-06  
1.602562e-01  4.487162e-01 1.186429e-06  -6.837997e-01 -5.237232e-06  
1.642601e-01  4.486182e-01 1.246052e-06  -6.830764e-01 -5.499523e-06  
1.682640e-01  4.482562e-01 1.307015e-06  -6.824369e-01 -5.767727e-06  
1.722679e-01  4.479702e-01 1.369729e-06  -6.817002e-01 -6.042173e-06  
1.762718e-01  4.476215e-01 1.433487e-06  -6.809856e-01 -6.322307e-06  
1.802757e-01  4.472154e-01 1.498814e-06  -6.801819e-01 -6.609140e-06  
1.842796e-01  4.469624e-01 1.565686e-06  -6.793426e-01 -6.902163e-06  
1.882835e-01  4.466693e-01 1.633880e-06  -6.786462e-01 -7.201302e-06  
1.922874e-01  4.463793e-01 1.703370e-06  -6.778046e-01 -7.505929e-06  
1.962913e-01  4.460513e-01 1.774884e-06  -6.770241e-01 -7.816958e-06  
2.002952e-01  4.456798e-01 1.847061e-06  -6.761615e-01 -8.133798e-06  
2.042991e-01  4.452012e-01 1.920603e-06  -6.749281e-01 -8.456910e-06  
2.083030e-01  4.449036e-01 1.995864e-06  -6.744086e-01 -8.785780e-06  
2.123069e-01  4.446118e-01 2.072670e-06  -6.735824e-01 -9.120386e-06  
2.163108e-01  4.442026e-01 2.150767e-06  -6.726625e-01 -9.461304e-06  
2.203147e-01  4.437971e-01 2.229845e-06  -6.717780e-01 -9.807956e-06  
2.243186e-01  4.432382e-01 2.310580e-06  -6.708888e-01 -1.015986e-05  
2.283225e-01  4.430823e-01 2.392774e-06  -6.699092e-01 -1.051915e-05  
2.323264e-01  4.425907e-01 2.476215e-06  -6.685870e-01 -1.088234e-05  
2.363303e-01  4.422517e-01 2.561119e-06  -6.679555e-01 -1.125153e-05  
2.403342e-01  4.419058e-01 2.648003e-06  -6.669892e-01 -1.162847e-05  
2.443381e-01  4.414820e-01 2.735055e-06  -6.659202e-01 -1.200840e-05  
2.483420e-01  4.409803e-01 2.824017e-06  -6.648837e-01 -1.239465e-05  
2.523459e-01  4.404616e-01 2.914135e-06  -6.639299e-01 -1.278846e-05  
2.563498e-01  4.399491e-01 3.004683e-06  -6.628340e-01 -1.318671e-05  
2.603538e-01  4.396251e-01 3.099064e-06  -6.614953e-01 -1.358190e-05  
2.643577e-01  4.392340e-01 3.192933e-06  -6.606358e-01 -1.399954e-05  
2.683616e-01  4.388376e-01 3.289589e-06  -6.596252e-01 -1.441572e-05  
2.723655e-01  4.383780e-01 3.386366e-06  -6.584418e-01 -1.483500e-05  
2.763694e-01  4.378048e-01 3.486184e-06  -6.573356e-01 -1.526137e-05  
2.803733e-01  4.373251e-01 3.584696e-06  -6.562525e-01 -1.569380e-05  
2.843772e-01  4.367685e-01 3.684621e-06  -6.550266e-01 -1.612916e-05  
2.883811e-01  4.361948e-01 3.785531e-06  -6.536483e-01 -1.656039e-05  
2.923850e-01  4.358104e-01 3.889627e-06  -6.526499e-01 -1.701739e-05  
2.963889e-01  4.353060e-01 3.996804e-06  -6.515233e-01 -1.747156e-05  
3.003928e-01  4.347808e-01 4.103985e-06  -6.503168e-01 -1.792942e-05  
3.043967e-01  4.344175e-01 4.212193e-06  -6.489401e-01 -1.839276e-05  
3.084006e-01  4.338824e-01 4.320960e-06  -6.477235e-01 -1.885923e-05  
3.124045e-01  4.333064e-01 4.429897e-06  -6.465384e-01 -1.933516e-05  
3.164084e-01  4.327185e-01 4.541035e-06  -6.452735e-01 -1.981281e-05  
3.204123e-01  4.321103e-01 4.653227e-06  -6.437831e-01 -2.028740e-05  
3.244162e-01  4.315409e-01 4.767111e-06  -6.426317e-01 -2.078278e-05  
3.284201e-01  4.307599e-01 4.883261e-06  -6.413179e-01 -2.128052e-05  
3.324240e-01  4.301744e-01 4.999564e-06  -6.399945e-01 -2.177734e-05  
3.364279e-01  4.299071e-01 5.117158e-06  -6.386428e-01 -2.228304e-05  
3.404318e-01  4.292980e-01 5.235667e-06  -6.372333e-01 -2.278941e-05  
3.444357e-01  4.287188e-01 5.356070e-06  -6.359298e-01 -2.330501e-05  
3.484396e-01  4.281324e-01 5.477773e-06  -6.345816e-01 -2.382175e-05  
3.524435e-01  4.276549e-01 5.601071e-06  -6.330922e-01 -2.434527e-05  
3.564474e-01  4.269792e-01 5.724810e-06  -6.315554e-01 -2.487307e-05  
3.604514e-01  4.263508e-01 5.849221e-06  -6.302349e-01 -2.540370e-05  
3.644553e-01  4.257414e-01 5.974983e-06  -6.288509e-01 -2.594473e-05  
3.684592e-01  4.251207e-01 6.103112e-06  -6.274176e-01 -2.648570e-05  
3.724631e-01  4.244856e-01 6.232823e-06  -6.259440e-01 -2.703025e-05  
3.764670e-01  4.239079e-01 6.362600e-06  -6.243583e-01 -2.757958e-05  
3.804709e-01  4.232559e-01 6.493032e-06  -6.228901e-01 -2.813760e-05  
3.844748e-01  4.226126e-01 6.625901e-06  -6.214107e-01 -2.869769e-05  
3.884787e-01  4.219656e-01 6.760024e-06  -6.199766e-01 -2.926133e-05  
3.924826e-01  4.212726e-01 6.894690e-06  -6.184275e-01 -2.982904e-05  
3.964865e-01  4.205582e-01 7.029540e-06  -6.168378e-01 -3.040297e-05  
4.004904e-01  4.198157e-01 7.164621e-06  -6.152808e-01 -3.097977e-05  
4.044943e-01  4.193419e-01 7.305453e-06  -6.136476e-01 -3.156073e-05  
4.084982e-01  4.186656e-01 7.445644e-06  -6.120874e-01 -3.214558e-05  
4.125021e-01  4.179735e-01 7.585536e-06  -6.105119e-01 -3.273735e-05  
4.165060e-01  4.172687e-01 7.726316e-06  -6.089112e-01 -3.333347e-05  
4.205099e-01  4.165543e-01 7.869347e-06  -6.072686e-01 -3.392833e-05  
4.245138e-01  4.158532e-01 8.013253e-06  -6.056540e-01 -3.452889e-05  
4.285177e-01  4.152241e-01 8.159054e-06  -6.040139e-01 -3.513248e-05  
4.325216e-01  4.144860e-01 8.304997e-06  -6.024204e-01 -3.574806e-05  
4.365255e-01  4.137483e-01 8.451546e-06  -6.006759e-01 -3.636122e-05  
4.405294e-01  4.129858e-01 8.596691e-06  -5.989544e-01 -3.697591e-05  
4.445333e-01  4.122601e-01 8.749317e-06  -5.972746e-01 -3.759583e-05  
4.485372e-01  4.115280e-01 8.899417e-06  -5.955953e-01 -3.822253e-05  
4.525411e-01  4.108314e-01 9.050882e-06  -5.939082e-01 -3.885450e-05  
4.565450e-01  4.100904e-01 9.203431e-06  -5.922182e-01 -3.948704e-05  
4.605489e-01  4.093959e-01 9.357140e-06  -5.903782e-01 -4.012206e-05  
4.645529e-01  4.086231e-01 9.511685e-06  -5.886078e-01 -4.075646e-05  
4.685568e-01  4.078603e-01 9.667305e-06  -5.868706e-01 -4.140159e-05  
4.725607e-01  4.070941e-01 9.823943e-06  -5.851136e-01 -4.205513e-05  
4.765646e-01  4.064980e-01 9.981699e-06  -5.833836e-01 -4.270564e-05  
4.805685e-01  4.056378e-01 1.014069e-05  -5.812952e-01 -4.335659e-05  
4.845724e-01  4.047725e-01 1.029811e-05  -5.797660e-01 -4.400792e-05  
4.885763e-01  4.039721e-01 1.046112e-05  -5.778656e-01 -4.466689e-05  
4.925802e-01  4.031794e-01 1.062288e-05  -5.760608e-01 -4.533227e-05  
4.965841e-01  4.023840e-01 1.078559e-05  -5.742530e-01 -4.600259e-05  
5.005880e-01  4.015853e-01 1.094947e-05  -5.724387e-01 -4.667204e-05  
5.045919e-01  4.008219e-01 1.111459e-05  -5.705806e-01 -4.734276e-05  
5.085958e-01  4.000001e-01 1.127950e-05  -5.687004e-01 -4.801466e-05  
5.125997e-01  3.991791e-01 1.144584e-05  -5.668320e-01 -4.869351e-05  
5.166036e-01  3.983405e-01 1.161335e-05  -5.649631e-01 -4.938526e-05  
5.206075e-01  3.975990e-01 1.178280e-05  -5.630151e-01 -5.006574e-05  
5.246114e-01  3.967667e-01 1.195264e-05  -5.611501e-01 -5.075174e-05  
5.286153e-01  3.959686e-01 1.212268e-05  -5.592007e-01 -5.143972e-05  
5.326192e-01  3.951103e-01 1.229217e-05  -5.572734e-01 -5.212837e-05  
5.366231e-01  3.942491e-01 1.246547e-05  -5.553500e-01 -5.282418e-05  
5.406270e-01  3.933952e-01 1.263869e-05  -5.534238e-01 -5.352547e-05  
5.446309e-01  3.925389e-01 1.281294e-05  -5.514913e-01 -5.422607e-05  
5.486348e-01  3.916789e-01 1.298810e-05  -5.495439e-01 -5.493047e-05  
5.526387e-01  3.908148e-01 1.316310e-05  -5.475647e-01 -5.563491e-05  
5.566426e-01  3.899507e-01 1.333996e-05  -5.455033e-01 -5.633787e-05  
5.606465e-01  3.890889e-01 1.351728e-05  -5.435249e-01 -5.704685e-05  
5.646505e-01  3.882171e-01 1.369626e-05  -5.415543e-01 -5.776426e-05  
5.686544e-01  3.873359e-01 1.387595e-05  -5.395666e-01 -5.850792e-05  
5.726583e-01  3.864487e-01 1.405589e-05  -5.378210e-01 -5.919762e-05  
5.766622e-01  3.855476e-01 1.423598e-05  -5.356783e-01 -5.991661e-05  
5.806661e-01  3.846399e-01 1.441546e-05  -5.335521e-01 -6.063373e-05  
5.846700e-01  3.837293e-01 1.459884e-05  -5.314754e-01 -6.135438e-05  
5.886739e-01  3.829610e-01 1.478380e-05  -5.288662e-01 -6.208148e-05  
5.926778e-01  3.820551e-01 1.496894e-05  -5.268079e-01 -6.281274e-05  
5.966817e-01  3.811381e-01 1.515358e-05  -5.247458e-01 -6.354399e-05  
6.006856e-01  3.802171e-01 1.533862e-05  -5.226808e-01 -6.427242e-05  
6.046895e-01  3.792945e-01 1.552426e-05  -5.206136e-01 -6.500563e-05  
6.086934e-01  3.783730e-01 1.571080e-05  -5.185647e-01 -6.573496e-05  
6.126973e-01  3.774523e-01 1.589832e-05  -5.165453e-01 -6.646878e-05  
6.167012e-01  3.765298e-01 1.608798e-05  -5.145337e-01 -6.721314e-05  
6.207051e-01  3.755991e-01 1.627799e-05  -5.125278e-01 -6.799209e-05  
6.247090e-01  3.746580e-01 1.646767e-05  -5.104765e-01 -6.876663e-05  
6.287129e-01  3.737067e-01 1.665918e-05  -5.084015e-01 -6.943427e-05  
6.327168e-01  3.727499e-01 1.685050e-05  -5.064193e-01 -7.017790e-05  
6.367207e-01  3.717875e-01 1.704223e-05  -5.042578e-01 -7.091913e-05  
6.407246e-01  3.708193e-01 1.723474e-05  -5.020844e-01 -7.166325e-05  
6.447285e-01  3.699065e-01 1.742805e-05  -4.999284e-01 -7.241788e-05  
6.487324e-01  3.689551e-01 1.762299e-05  -4.978302e-01 -7.317025e-05  
6.527363e-01  3.679915e-01 1.781801e-05  -4.956804e-01 -7.391901e-05  
6.567402e-01  3.670185e-01 1.801328e-05  -4.935104e-01 -7.466745e-05  
6.607441e-01  3.660413e-01 1.820917e-05  -4.913323e-01 -7.541879e-05  
6.647480e-01  3.651640e-01 1.840720e-05  -4.890788e-01 -7.616724e-05  
6.687520e-01  3.641857e-01 1.860400e-05  -4.868958e-01 -7.692119e-05  
6.727559e-01  3.632055e-01 1.880094e-05  -4.847089e-01 -7.768160e-05  
6.767598e-01  3.622252e-01 1.900023e-05  -4.825388e-01 -7.848798e-05  
6.807637e-01  3.612355e-01 1.920015e-05  -4.806331e-01 -7.923772e-05  
6.847676e-01  3.602352e-01 1.940026e-05  -4.783750e-01 -7.998041e-05  
6.887715e-01  3.592298e-01 1.960452e-05  -4.761009e-01 -8.072220e-05  
6.927754e-01  3.582206e-01 1.980510e-05  -4.738106e-01 -8.146272e-05  
6.967793e-01  3.572076e-01 2.000360e-05  -4.715033e-01 -8.222356e-05  
7.007832e-01  3.561901e-01 2.020273e-05  -4.692068e-01 -8.298697e-05  
7.047871e-01  3.552325e-01 2.040674e-05  -4.669698e-01 -8.374741e-05  
7.087910e-01  3.542233e-01 2.061091e-05  -4.647530e-01 -8.450833e-05  
7.127949e-01  3.532112e-01 2.081540e-05  -4.625339e-01 -8.526882e-05  
7.167988e-01  3.521939e-01 2.102001e-05  -4.603013e-01 -8.602864e-05  
7.208027e-01  3.511690e-01 2.122376e-05  -4.580493e-01 -8.678595e-05  
7.248066e-01  3.499560e-01 2.142797e-05  -4.557954e-01 -8.754886e-05  
7.288105e-01  3.489341e-01 2.163272e-05  -4.535367e-01 -8.831281e-05  
7.328144e-01  3.479115e-01 2.183795e-05  -4.512687e-01 -8.909698e-05  
7.368183e-01  3.468859e-01 2.204493e-05  -4.490900e-01 -8.987627e-05  
7.408222e-01  3.458573e-01 2.225321e-05  -4.468304e-01 -9.062727e-05  
7.448261e-01  3.450922e-01 2.246351e-05  -4.441770e-01 -9.138285e-05  
7.488300e-01  3.440443e-01 2.267095e-05  -4.419278e-01 -9.213466e-05  
7.528339e-01  3.429945e-01 2.288235e-05  -4.396765e-01 -9.288567e-05  
7.568378e-01  3.419407e-01 2.308838e-05  -4.374220e-01 -9.364325e-05  
7.608417e-01  3.408831e-01 2.329451e-05  -4.351659e-01 -9.440677e-05  
7.648456e-01  3.398219e-01 2.350342e-05  -4.329091e-01 -9.516706e-05  
7.688495e-01  3.387642e-01 2.371360e-05  -4.306438e-01 -9.592336e-05  
7.728535e-01  3.377109e-01 2.392514e-05  -4.283619e-01 -9.668305e-05  
7.768574e-01  3.366409e-01 2.413605e-05  -4.260785e-01 -9.744449e-05  
7.808613e-01  3.355821e-01 2.434692e-05  -4.237941e-01 -9.820111e-05  
7.848652e-01  3.345204e-01 2.455800e-05  -4.215107e-01 -9.895982e-05  
7.888691e-01  3.335150e-01 2.477111e-05  -4.192208e-01 -9.971886e-05  
7.928730e-01  3.324436e-01 2.498242e-05  -4.169223e-01 -1.004782e-04  
7.968769e-01  3.313703e-01 2.519417e-05  -4.146236e-01 -1.012681e-04  
8.008808e-01  3.302949e-01 2.540630e-05  -4.123214e-01 -1.019808e-04  
8.048847e-01  3.292229e-01 2.561946e-05  -4.100118e-01 -1.027654e-04  
8.088886e-01  3.281491e-01 2.583292e-05  -4.076992e-01 -1.035157e-04  
8.128925e-01  3.270736e-01 2.604678e-05  -4.054833e-01 -1.042647e-04  
8.168964e-01  3.259941e-01 2.626043e-05  -4.031369e-01 -1.050078e-04  
8.209003e-01  3.249129e-01 2.647479e-05  -4.007783e-01 -1.057478e-04  
8.249042e-01  3.238285e-01 2.668686e-05  -3.984120e-01 -1.064855e-04  
8.289081e-01  3.227084e-01 2.689864e-05  -3.960382e-01 -1.072438e-04  
8.329120e-01  3.216157e-01 2.711027e-05  -3.936610e-01 -1.079867e-04  
8.369159e-01  3.206378e-01 2.733249e-05  -3.912383e-01 -1.087314e-04  
8.409198e-01  3.195468e-01 2.754791e-05  -3.889197e-01 -1.094791e-04  
8.449237e-01  3.184545e-01 2.776363e-05  -3.866007e-01 -1.102163e-04  
8.489276e-01  3.173610e-01 2.797963e-05  -3.842816e-01 -1.109600e-04  
8.529315e-01  3.162466e-01 2.819562e-05  -3.819560e-01 -1.117035e-04  
8.569354e-01  3.151486e-01 2.841193e-05  -3.796409e-01 -1.124474e-04  
8.609393e-01  3.140495e-01 2.862815e-05  -3.773257e-01 -1.131858e-04  
8.649432e-01  3.129461e-01 2.884312e-05  -3.749987e-01 -1.139188e-04  
8.689471e-01  3.118403e-01 2.905779e-05  -3.726677e-01 -1.146516e-04  
8.729511e-01  3.106496e-01 2.927356e-05  -3.703360e-01 -1.154033e-04  
8.769550e-01  3.095461e-01 2.949059e-05  -3.680069e-01 -1.161307e-04  
8.809589e-01  3.084417e-01 2.970989e-05  -3.656775e-01 -1.168558e-04  
8.849628e-01  3.073367e-01 2.992716e-05  -3.633479e-01 -1.175787e-04  
8.889667e-01  3.062320e-01 3.014489e-05  -3.610158e-01 -1.182977e-04  
8.929706e-01  3.051269e-01 3.036164e-05  -3.586765e-01 -1.190102e-04  
8.969745e-01  3.040215e-01 3.057826e-05  -3.563362e-01 -1.197197e-04  
9.009784e-01  3.029157e-01 3.079002e-05  -3.539949e-01 -1.204527e-04  
9.049823e-01  3.018092e-01 3.100439e-05  -3.516525e-01 -1.211633e-04  
9.089862e-01  3.007025e-01 3.121966e-05  -3.493139e-01 -1.218796e-04  
9.129901e-01  2.995950e-01 3.143798e-05  -3.469860e-01 -1.225843e-04  
9.169940e-01  2.984867e-01 3.165662e-05  -3.446589e-01 -1.232964e-04  
9.209979e-01  2.973782e-01 3.187494e-05  -3.423333e-01 -1.240073e-04  
9.250018e-01  2.962698e-01 3.209329e-05  -3.400050e-01 -1.247185e-04  
9.290057e-01  2.951614e-01 3.231189e-05  -3.376700e-01 -1.254414e-04  
9.330096e-01  2.941433e-01 3.253374e-05  -3.352424e-01 -1.261408e-04  
9.370135e-01  2.930214e-01 3.275042e-05  -3.329330e-01 -1.268415e-04  
9.410174e-01  2.918988e-01 3.296696e-05  -3.306259e-01 -1.275400e-04  
9.450213e-01  2.907732e-01 3.318268e-05  -3.283119e-01 -1.282321e-04  
9.490252e-01  2.896478e-01 3.339966e-05  -3.259960e-01 -1.289197e-04  
9.530291e-01  2.885222e-01 3.361673e-05  -3.236814e-01 -1.296044e-04  
9.570330e-01  2.873960e-01 3.383349e-05  -3.213682e-01 -1.302860e-04  
9.610369e-01  2.862691e-01 3.405062e-05  -3.190571e-01 -1.309646e-04  
9.650408e-01  2.851435e-01 3.426784e-05  -3.167999e-01 -1.316407e-04  
9.690447e-01  2.840177e-01 3.450296e-05  -3.144851e-01 -1.323110e-04  
9.730486e-01  2.828908e-01 3.470059e-05  -3.121642e-01 -1.329751e-04  
9.770526e-01  2.817635e-01 3.491651e-05  -3.098429e-01 -1.336355e-04  
9.810565e-01  2.806530e-01 3.512953e-05  -3.075210e-01 -1.343194e-04  
9.850604e-01  2.795206e-01 3.534222e-05  -3.051947e-01 -1.349806e-04  
9.890643e-01  2.783927e-01 3.555786e-05  -3.028981e-01 -1.356471e-04  
9.930682e-01  2.772628e-01 3.577341e-05  -3.005989e-01 -1.362918e-04  
9.970721e-01  2.761324e-01 3.598914e-05  -2.983004e-01 -1.369483e-04  
1.001076e+00  2.750026e-01 3.620568e-05  -2.960090e-01 -1.376277e-04  
1.005080e+00  2.738740e-01 3.642226e-05  -2.937296e-01 -1.382779e-04  
1.009084e+00  2.727456e-01 3.663879e-05  -2.914537e-01 -1.389249e-04  
1.013088e+00  2.716181e-01 3.685504e-05  -2.891713e-01 -1.395683e-04  
1.017092e+00  2.704914e-01 3.707107e-05  -2.868979e-01 -1.402080e-04  
1.021095e+00  2.693650e-01 3.728469e-05  -2.846262e-01 -1.408632e-04  
1.025099e+00  2.682391e-01 3.749756e-05  -2.823576e-01 -1.414998e-04  
1.029103e+00  2.671120e-01 3.771185e-05  -2.800929e-01 -1.421317e-04  
1.033107e+00  2.659818e-01 3.792523e-05  -2.778277e-01 -1.427561e-04  
1.037111e+00  2.649157e-01 3.814137e-05  -2.755019e-01 -1.433724e-04  
1.041115e+00  2.637847e-01 3.835456e-05  -2.732507e-01 -1.439893e-04  
1.045119e+00  2.626538e-01 3.856751e-05  -2.710029e-01 -1.446024e-04  
1.049123e+00  2.615231e-01 3.878017e-05  -2.687580e-01 -1.452120e-04  
1.053127e+00  2.603926e-01 3.899172e-05  -2.665107e-01 -1.458171e-04  
1.057131e+00  2.591957e-01 3.920268e-05  -2.642661e-01 -1.464162e-04  
1.061135e+00  2.580689e-01 3.941203e-05  -2.620253e-01 -1.470114e-04  
1.065138e+00  2.569428e-01 3.961932e-05  -2.597879e-01 -1.476023e-04  
1.069142e+00  2.558176e-01 3.982837e-05  -2.575535e-01 -1.482026e-04  
1.073146e+00  2.546932e-01 4.003855e-05  -2.553227e-01 -1.488076e-04  
1.077150e+00  2.535697e-01 4.024902e-05  -2.531082e-01 -1.493981e-04  
1.081154e+00  2.524469e-01 4.045945e-05  -2.509017e-01 -1.499826e-04  
1.085158e+00  2.513251e-01 4.066959e-05  -2.487002e-01 -1.505633e-04  
1.089162e+00  2.502045e-01 4.087939e-05  -2.465035e-01 -1.511403e-04  
1.093166e+00  2.490845e-01 4.108905e-05  -2.442922e-01 -1.517140e-04  
1.097170e+00  2.479652e-01 4.129850e-05  -2.421003e-01 -1.522841e-04  
1.101174e+00  2.468467e-01 4.150764e-05  -2.399123e-01 -1.528505e-04  
1.105177e+00  2.457293e-01 4.171645e-05  -2.377286e-01 -1.534131e-04  
1.109181e+00  2.446131e-01 4.192491e-05  -2.355503e-01 -1.539720e-04  
1.113185e+00  2.434979e-01 4.213300e-05  -2.333774e-01 -1.545271e-04  
1.117189e+00  2.423842e-01 4.234034e-05  -2.312176e-01 -1.550785e-04  
1.121193e+00  2.412701e-01 4.254601e-05  -2.290596e-01 -1.556555e-04  
1.125197e+00  2.401536e-01 4.275004e-05  -2.269052e-01 -1.561951e-04  
1.129201e+00  2.390379e-01 4.295342e-05  -2.247562e-01 -1.567303e-04  
1.133205e+00  2.379230e-01 4.316403e-05  -2.226125e-01 -1.572612e-04  
1.137209e+00  2.368122e-01 4.336463e-05  -2.204704e-01 -1.577877e-04  
1.141213e+00  2.356985e-01 4.355920e-05  -2.183369e-01 -1.583086e-04  
1.145217e+00  2.345841e-01 4.375822e-05  -2.162253e-01 -1.588169e-04  
1.149220e+00  2.335405e-01 4.396290e-05  -2.139846e-01 -1.593097e-04  
1.153224e+00  2.324273e-01 4.416024e-05  -2.118656e-01 -1.597995e-04  
1.157228e+00  2.313162e-01 4.436061e-05  -2.097643e-01 -1.602909e-04  
1.161232e+00  2.302059e-01 4.456148e-05  -2.076655e-01 -1.607912e-04  
1.165236e+00  2.290969e-01 4.476184e-05  -2.055729e-01 -1.612872e-04  
1.169240e+00  2.279891e-01 4.496168e-05  -2.034865e-01 -1.617788e-04  
1.173244e+00  2.268819e-01 4.516095e-05  -2.014066e-01 -1.622659e-04  
1.177248e+00  2.257760e-01 4.535966e-05  -1.993333e-01 -1.627485e-04  
1.181252e+00  2.246716e-01 4.555781e-05  -1.972664e-01 -1.632268e-04  
1.185256e+00  2.235685e-01 4.575539e-05  -1.952060e-01 -1.637005e-04  
1.189259e+00  2.224672e-01 4.595208e-05  -1.931500e-01 -1.641699e-04  
1.193263e+00  2.213674e-01 4.614837e-05  -1.910999e-01 -1.646348e-04  
1.197267e+00  2.202905e-01 4.634415e-05  -1.890561e-01 -1.650952e-04  
1.201271e+00  2.191938e-01 4.653934e-05  -1.870188e-01 -1.655511e-04  
1.205275e+00  2.180988e-01 4.673392e-05  -1.849882e-01 -1.660025e-04  
1.209279e+00  2.170053e-01 4.692790e-05  -1.829326e-01 -1.664494e-04  
1.213283e+00  2.159135e-01 4.712127e-05  -1.809171e-01 -1.668918e-04  
1.217287e+00  2.148232e-01 4.731378e-05  -1.789077e-01 -1.673297e-04  
1.221291e+00  2.137328e-01 4.750386e-05  -1.769256e-01 -1.677628e-04  
1.225295e+00  2.126447e-01 4.769279e-05  -1.749238e-01 -1.681906e-04  
1.229298e+00  2.115583e-01 4.788089e-05  -1.729286e-01 -1.686137e-04  
1.233302e+00  2.104735e-01 4.806820e-05  -1.709398e-01 -1.690321e-04  
1.237306e+00  2.093936e-01 4.825368e-05  -1.689768e-01 -1.694459e-04  
1.241310e+00  2.083159e-01 4.843746e-05  -1.669967e-01 -1.698550e-04  
1.245314e+00  2.072387e-01 4.862166e-05  -1.650414e-01 -1.702595e-04  
1.249318e+00  2.061604e-01 4.880785e-05  -1.630892e-01 -1.706592e-04  
1.253322e+00  2.050840e-01 4.899328e-05  -1.611442e-01 -1.710542e-04  
1.257326e+00  2.040096e-01 4.917793e-05  -1.592061e-01 -1.714445e-04  
1.261330e+00  2.029375e-01 4.936169e-05  -1.572746e-01 -1.718307e-04  
1.265334e+00  2.018677e-01 4.954497e-05  -1.553508e-01 -1.722134e-04  
1.269338e+00  2.008647e-01 4.973542e-05  -1.533675e-01 -1.725923e-04  
1.273341e+00  1.997976e-01 4.991719e-05  -1.514617e-01 -1.729668e-04  
1.277345e+00  1.987333e-01 5.009818e-05  -1.495635e-01 -1.733367e-04  
1.281349e+00  1.976724e-01 5.027840e-05  -1.476728e-01 -1.737020e-04  
1.285353e+00  1.966138e-01 5.045787e-05  -1.457897e-01 -1.740343e-04  
1.289357e+00  1.955574e-01 5.063654e-05  -1.439143e-01 -1.743875e-04  
1.293361e+00  1.945018e-01 5.081434e-05  -1.420465e-01 -1.747361e-04  
1.297365e+00  1.934475e-01 5.099137e-05  -1.401856e-01 -1.750806e-04  
1.301369e+00  1.923953e-01 5.116781e-05  -1.383440e-01 -1.754045e-04  
1.305373e+00  1.913015e-01 5.134344e-05  -1.364944e-01 -1.757374e-04  
1.309377e+00  1.902569e-01 5.151824e-05  -1.346523e-01 -1.760656e-04  
1.313380e+00  1.892146e-01 5.169221e-05  -1.328180e-01 -1.763891e-04  
1.317384e+00  1.881749e-01 5.186612e-05  -1.309912e-01 -1.767078e-04  
1.321388e+00  1.871424e-01 5.203758e-05  -1.292025e-01 -1.770156e-04  
1.325392e+00  1.861125e-01 5.220513e-05  -1.274272e-01 -1.773151e-04  
1.329396e+00  1.850857e-01 5.237135e-05  -1.256622e-01 -1.776182e-04  
1.333400e+00  1.840620e-01 5.254179e-05  -1.239076e-01 -1.778979e-04  
1.337404e+00  1.830392e-01 5.270762e-05  -1.221544e-01 -1.781697e-04  
1.341408e+00  1.820154e-01 5.287300e-05  -1.204001e-01 -1.784351e-04  
1.345412e+00  1.809897e-01 5.303925e-05  -1.186424e-01 -1.787132e-04  
1.349416e+00  1.799663e-01 5.320457e-05  -1.168930e-01 -1.789862e-04  
1.353420e+00  1.789452e-01 5.336899e-05  -1.151522e-01 -1.792542e-04  
1.357423e+00  1.779264e-01 5.353252e-05  -1.134195e-01 -1.795173e-04  
1.361427e+00  1.769100e-01 5.369513e-05  -1.116952e-01 -1.797755e-04  
1.365431e+00  1.758960e-01 5.385676e-05  -1.099793e-01 -1.800288e-04  
1.369435e+00  1.748846e-01 5.401742e-05  -1.082718e-01 -1.802770e-04  
1.373439e+00  1.738756e-01 5.417707e-05  -1.065727e-01 -1.805203e-04  
1.377443e+00  1.728691e-01 5.433570e-05  -1.048821e-01 -1.807587e-04  
1.381447e+00  1.718652e-01 5.449377e-05  -1.032000e-01 -1.809921e-04  
1.385451e+00  1.708638e-01 5.465093e-05  -1.015263e-01 -1.812205e-04  
1.389455e+00  1.698650e-01 5.480710e-05  -9.986117e-02 -1.814440e-04  
1.393459e+00  1.688688e-01 5.496229e-05  -9.820455e-02 -1.816625e-04  
1.397462e+00  1.678751e-01 5.511647e-05  -9.655648e-02 -1.819137e-04  
1.401466e+00  1.669629e-01 5.527860e-05  -9.470333e-02 -1.821010e-04  
1.405470e+00  1.659742e-01 5.543058e-05  -9.307096e-02 -1.823056e-04  
1.409474e+00  1.649897e-01 5.558176e-05  -9.146290e-02 -1.825165e-04  
1.413478e+00  1.640081e-01 5.573219e-05  -8.986494e-02 -1.827025e-04  
1.417482e+00  1.630483e-01 5.588150e-05  -8.827686e-02 -1.828828e-04  
1.421486e+00  1.620745e-01 5.602979e-05  -8.669867e-02 -1.830573e-04  
1.425490e+00  1.611040e-01 5.617702e-05  -8.513027e-02 -1.832263e-04  
1.429494e+00  1.601361e-01 5.632336e-05  -8.356982e-02 -1.833911e-04  
1.433498e+00  1.591701e-01 5.646734e-05  -8.201607e-02 -1.835488e-04  
1.437502e+00  1.582073e-01 5.660995e-05  -8.046302e-02 -1.837003e-04  
1.441505e+00  1.572459e-01 5.675227e-05  -7.891706e-02 -1.838510e-04  
1.445509e+00  1.562854e-01 5.689437e-05  -7.737719e-02 -1.840019e-04  
1.449513e+00  1.553278e-01 5.703540e-05  -7.584629e-02 -1.841478e-04  
1.453517e+00  1.543731e-01 5.717535e-05  -7.432969e-02 -1.842887e-04  
1.457521e+00  1.534213e-01 5.731420e-05  -7.282411e-02 -1.844247e-04  
1.461525e+00  1.524725e-01 5.745197e-05  -7.122834e-02 -1.845557e-04  
1.465529e+00  1.515272e-01 5.758832e-05  -6.973180e-02 -1.846813e-04  
1.469533e+00  1.505849e-01 5.772348e-05  -6.824428e-02 -1.848019e-04  
1.473537e+00  1.496457e-01 5.785749e-05  -6.676556e-02 -1.849175e-04  
1.477541e+00  1.487095e-01 5.799037e-05  -6.529565e-02 -1.850281e-04  
1.481544e+00  1.477765e-01 5.812208e-05  -6.383457e-02 -1.851337e-04  
1.485548e+00  1.468464e-01 5.825289e-05  -6.238231e-02 -1.852336e-04  
1.489552e+00  1.459209e-01 5.838271e-05  -6.106509e-02 -1.853281e-04  
1.493556e+00  1.449969e-01 5.851151e-05  -5.963933e-02 -1.854177e-04  
1.497560e+00  1.440767e-01 5.863918e-05  -5.822222e-02 -1.854999e-04  
1.501564e+00  1.431613e-01 5.877026e-05  -5.681883e-02 -1.855726e-04  
1.505568e+00  1.422497e-01 5.889546e-05  -5.542516e-02 -1.856408e-04  
1.509572e+00  1.413415e-01 5.901943e-05  -5.404095e-02 -1.857035e-04  
1.513576e+00  1.404369e-01 5.914215e-05  -5.266621e-02 -1.857608e-04  
1.517580e+00  1.395357e-01 5.926362e-05  -5.130095e-02 -1.858127e-04  
1.521583e+00  1.386380e-01 5.938381e-05  -4.990417e-02 -1.858592e-04  
1.525587e+00  1.377439e-01 5.950272e-05  -4.858063e-02 -1.859003e-04  
1.529591e+00  1.368519e-01 5.962132e-05  -4.725834e-02 -1.859396e-04  
1.533595e+00  1.359632e-01 5.973933e-05  -4.594488e-02 -1.859527e-04  
1.537599e+00  1.350780e-01 5.985616e-05  -4.464173e-02 -1.859790e-04  
1.541603e+00  1.342701e-01 5.997181e-05  -4.334892e-02 -1.860001e-04  
1.545607e+00  1.333639e-01 6.008769e-05  -4.196112e-02 -1.860229e-04  
1.549611e+00  1.324839e-01 6.020301e-05  -4.066949e-02 -1.860679e-04  
1.553615e+00  1.316088e-01 6.032570e-05  -3.938817e-02 -1.860835e-04  
1.557619e+00  1.307378e-01 6.043655e-05  -3.811685e-02 -1.860926e-04  
1.561623e+00  1.298702e-01 6.054625e-05  -3.685507e-02 -1.860969e-04  
1.565626e+00  1.290056e-01 6.065520e-05  -3.560342e-02 -1.860951e-04  
1.569630e+00  1.281443e-01 6.076297e-05  -3.436152e-02 -1.860885e-04  
1.573634e+00  1.272862e-01 6.086957e-05  -3.312914e-02 -1.860769e-04  
1.577638e+00  1.264315e-01 6.097498e-05  -3.190549e-02 -1.860606e-04  
1.581642e+00  1.255803e-01 6.107919e-05  -3.068957e-02 -1.860393e-04  
1.585646e+00  1.247324e-01 6.118220e-05  -2.948304e-02 -1.860132e-04  
1.589650e+00  1.238880e-01 6.128401e-05  -2.828271e-02 -1.859821e-04  
1.593654e+00  1.230470e-01 6.138458e-05  -2.709969e-02 -1.859425e-04  
1.597658e+00  1.222094e-01 6.148372e-05  -2.592649e-02 -1.858976e-04  
1.601662e+00  1.213753e-01 6.158141e-05  -2.475795e-02 -1.858474e-04  
1.605665e+00  1.205446e-01 6.167783e-05  -2.359790e-02 -1.857922e-04  
1.609669e+00  1.197175e-01 6.177298e-05  -2.244841e-02 -1.857318e-04  
1.613673e+00  1.188938e-01 6.186683e-05  -2.126892e-02 -1.856665e-04  
1.617677e+00  1.180736e-01 6.195940e-05  -2.013991e-02 -1.855960e-04  
1.621681e+00  1.172566e-01 6.205065e-05  -1.902036e-02 -1.855205e-04  
1.625685e+00  1.164431e-01 6.214061e-05  -1.794170e-02 -1.854400e-04  
1.629689e+00  1.156331e-01 6.222945e-05  -1.684397e-02 -1.853560e-04  
1.633693e+00  1.148266e-01 6.231750e-05  -1.575401e-02 -1.852690e-04  
1.637697e+00  1.140235e-01 6.240456e-05  -1.467381e-02 -1.851777e-04  
1.641701e+00  1.132237e-01 6.249049e-05  -1.360314e-02 -1.850816e-04  
1.645705e+00  1.124275e-01 6.257559e-05  -1.254342e-02 -1.849795e-04  
1.649708e+00  1.116348e-01 6.265947e-05  -1.149329e-02 -1.848727e-04  
1.653712e+00  1.108457e-01 6.274217e-05  -1.045247e-02 -1.847613e-04  
1.657716e+00  1.100601e-01 6.282605e-05  -9.408194e-03 -1.846565e-04  
1.661720e+00  1.092781e-01 6.290901e-05  -8.372715e-03 -1.845480e-04  
1.665724e+00  1.084997e-01 6.299091e-05  -7.346010e-03 -1.844353e-04  
1.669728e+00  1.077249e-01 6.307017e-05  -6.331249e-03 -1.843134e-04  
1.673732e+00  1.069536e-01 6.314706e-05  -5.327551e-03 -1.841834e-04  
1.677736e+00  1.061859e-01 6.322271e-05  -4.332887e-03 -1.840488e-04  
1.681740e+00  1.054218e-01 6.329712e-05  -3.347245e-03 -1.839097e-04  
1.685744e+00  1.046615e-01 6.337028e-05  -2.371171e-03 -1.837661e-04  
1.689747e+00  1.040083e-01 6.345426e-05  -1.233461e-03 -1.836075e-04  
1.693751e+00  1.032566e-01 6.352472e-05  -2.858999e-04 -1.834540e-04  
1.697755e+00  1.025073e-01 6.359385e-05  6.518963e-04 -1.832959e-04  
1.701759e+00  1.017618e-01 6.366171e-05  1.580068e-03 -1.831333e-04  
1.705763e+00  1.010201e-01 6.372831e-05  2.498629e-03 -1.829662e-04  
1.709767e+00  1.002820e-01 6.379366e-05  3.407582e-03 -1.827946e-04  
1.713771e+00  9.954773e-02 6.385774e-05  4.306928e-03 -1.826185e-04  
1.717775e+00  9.881723e-02 6.392056e-05  5.196669e-03 -1.824380e-04  
1.721779e+00  9.809053e-02 6.398481e-05  6.076807e-03 -1.822400e-04  
1.725783e+00  9.736751e-02 6.404497e-05  6.945143e-03 -1.820464e-04  
1.729786e+00  9.664825e-02 6.410408e-05  7.802655e-03 -1.818474e-04  
1.733790e+00  9.593240e-02 6.416210e-05  8.653244e-03 -1.816454e-04  
1.737794e+00  9.521968e-02 6.421912e-05  9.498891e-03 -1.814412e-04  
1.741798e+00  9.451100e-02 6.427414e-05  1.031892e-02 -1.812318e-04  
1.745802e+00  9.380611e-02 6.432786e-05  1.115173e-02 -1.810178e-04  
1.749806e+00  9.310501e-02 6.438027e-05  1.197547e-02 -1.807995e-04  
1.753810e+00  9.240770e-02 6.443138e-05  1.279014e-02 -1.806129e-04  
1.757814e+00  9.171421e-02 6.448118e-05  1.359575e-02 -1.803887e-04  
1.761818e+00  9.102452e-02 6.453147e-05  1.439232e-02 -1.801603e-04  
1.765822e+00  9.033865e-02 6.457928e-05  1.517987e-02 -1.799277e-04  
1.769826e+00  8.965329e-02 6.462713e-05  1.596713e-02 -1.796972e-04  
1.773829e+00  8.901139e-02 6.467481e-05  1.674916e-02 -1.794666e-04  
1.777833e+00  8.832878e-02 6.472138e-05  1.752288e-02 -1.792323e-04  
1.781837e+00  8.764952e-02 6.476682e-05  1.828832e-02 -1.789944e-04  
1.785841e+00  8.697360e-02 6.481114e-05  1.904436e-02 -1.787535e-04  
1.789845e+00  8.630218e-02 6.485400e-05  1.978969e-02 -1.785084e-04  
1.793849e+00  8.563616e-02 6.489543e-05  2.052447e-02 -1.782581e-04  
1.797853e+00  8.497510e-02 6.493504e-05  2.124944e-02 -1.780020e-04  
1.801857e+00  8.431913e-02 6.497266e-05  2.196446e-02 -1.777398e-04  
1.805861e+00  8.366685e-02 6.500903e-05  2.267094e-02 -1.774738e-04  
1.809865e+00  8.301827e-02 6.504453e-05  2.336730e-02 -1.772029e-04  
1.813868e+00  8.237339e-02 6.507882e-05  2.405485e-02 -1.769280e-04  
1.817872e+00  8.173219e-02 6.511189e-05  2.473379e-02 -1.766492e-04  
1.821876e+00  8.109465e-02 6.514376e-05  2.540414e-02 -1.763667e-04  
1.825880e+00  8.046080e-02 6.517439e-05  2.606590e-02 -1.760805e-04  
1.829884e+00  7.983066e-02 6.520380e-05  2.671910e-02 -1.757904e-04  
1.833888e+00  7.920422e-02 6.523198e-05  2.736375e-02 -1.754966e-04  
1.837892e+00  7.858148e-02 6.525894e-05  2.799988e-02 -1.751990e-04  
1.841896e+00  7.796245e-02 6.528472e-05  2.862861e-02 -1.748982e-04  
1.845900e+00  7.734709e-02 6.530936e-05  2.925054e-02 -1.745944e-04  
1.849904e+00  7.673544e-02 6.533273e-05  2.986412e-02 -1.742870e-04  
1.853908e+00  7.612750e-02 6.536847e-05  3.053559e-02 -1.739652e-04  
1.857911e+00  7.552325e-02 6.538918e-05  3.113182e-02 -1.736507e-04  
1.861915e+00  7.492271e-02 6.540867e-05  3.171979e-02 -1.733614e-04  
1.865919e+00  7.432588e-02 6.542695e-05  3.229955e-02 -1.730402e-04  
1.869923e+00  7.373274e-02 6.544401e-05  3.287110e-02 -1.727156e-04  
1.873927e+00  7.314331e-02 6.545986e-05  3.343449e-02 -1.723874e-04  
1.877931e+00  7.255764e-02 6.547449e-05  3.398970e-02 -1.720557e-04  
1.881935e+00  7.197569e-02 6.548791e-05  3.453678e-02 -1.717206e-04  
1.885939e+00  7.139737e-02 6.550068e-05  3.508009e-02 -1.713837e-04  
1.889943e+00  7.082260e-02 6.551302e-05  3.562232e-02 -1.710477e-04  
1.893947e+00  7.025109e-02 6.552420e-05  3.615582e-02 -1.707071e-04  
1.897950e+00  6.968315e-02 6.553431e-05  3.668177e-02 -1.703634e-04  
1.901954e+00  6.911887e-02 6.554333e-05  3.720015e-02 -1.700165e-04  
1.905958e+00  6.855825e-02 6.555128e-05  3.771086e-02 -1.696666e-04  
1.909962e+00  6.800130e-02 6.555811e-05  3.821408e-02 -1.693135e-04  
1.913966e+00  6.745075e-02 6.556385e-05  3.871644e-02 -1.689573e-04  
1.917970e+00  6.690109e-02 6.556796e-05  3.920205e-02 -1.685981e-04  
1.921974e+00  6.635495e-02 6.557117e-05  3.967963e-02 -1.682359e-04  
1.925978e+00  6.581242e-02 6.557329e-05  4.014974e-02 -1.678708e-04  
1.929982e+00  6.527355e-02 6.557430e-05  4.061242e-02 -1.675026e-04  
1.933986e+00  6.473832e-02 6.557311e-05  4.106453e-02 -1.671315e-04  
1.937989e+00  6.420675e-02 6.557072e-05  4.150892e-02 -1.667575e-04  
1.941993e+00  6.367882e-02 6.556718e-05  4.194578e-02 -1.663807e-04  
1.945997e+00  6.315453e-02 6.556248e-05  4.237516e-02 -1.660009e-04  
1.950001e+00  6.263389e-02 6.555664e-05  4.279706e-02 -1.656183e-04  
1.954005e+00  6.211624e-02 6.554966e-05  4.321263e-02 -1.652333e-04  
1.958009e+00  6.160187e-02 6.554156e-05  4.357227e-02 -1.648457e-04  
1.962013e+00  6.109103e-02 6.553238e-05  4.397241e-02 -1.644555e-04  
1.966017e+00  6.058364e-02 6.552214e-05  4.436531e-02 -1.640711e-04  
1.970021e+00  6.007970e-02 6.551077e-05  4.475093e-02 -1.636746e-04  
1.974025e+00  5.957932e-02 6.549828e-05  4.512931e-02 -1.632753e-04  
1.978029e+00  5.908250e-02 6.548476e-05  4.550047e-02 -1.628731e-04  
1.982032e+00  5.858922e-02 6.547018e-05  4.586445e-02 -1.624679e-04  
1.986036e+00  5.809946e-02 6.545450e-05  4.622127e-02 -1.620600e-04  
1.990040e+00  5.761324e-02 6.543771e-05  4.657096e-02 -1.616517e-04  
1.994044e+00  5.713054e-02 6.541984e-05  4.691356e-02 -1.612428e-04  
1.998048e+00  5.665126e-02 6.538746e-05  4.724859e-02 -1.608312e-04  
2.002052e+00  5.616841e-02 6.536759e-05  4.768477e-02 -1.604171e-04  
2.006056e+00  5.569403e-02 6.534683e-05  4.801120e-02 -1.600011e-04  
2.010060e+00  5.522022e-02 6.532672e-05  4.833485e-02 -1.595869e-04  
2.014064e+00  5.474972e-02 6.530557e-05  4.865220e-02 -1.591706e-04  
2.018068e+00  5.428251e-02 6.528340e-05  4.896300e-02 -1.587522e-04  
2.022071e+00  5.381856e-02 6.526029e-05  4.924385e-02 -1.583317e-04  
2.026075e+00  5.345529e-02 6.525907e-05  4.960166e-02 -1.578971e-04  
2.030079e+00  5.299442e-02 6.523257e-05  4.989641e-02 -1.574727e-04  
2.034083e+00  5.253663e-02 6.520509e-05  5.018496e-02 -1.570463e-04  
2.038087e+00  5.208191e-02 6.517663e-05  5.046735e-02 -1.566180e-04  
2.042091e+00  5.163024e-02 6.514720e-05  5.074362e-02 -1.561836e-04  
2.046095e+00  5.118180e-02 6.511675e-05  5.101360e-02 -1.557539e-04  
2.050099e+00  5.073900e-02 6.508467e-05  5.127466e-02 -1.553178e-04  
2.054103e+00  5.029951e-02 6.504393e-05  5.152946e-02 -1.548789e-04  
2.058107e+00  4.986318e-02 6.500937e-05  5.177814e-02 -1.544380e-04  
2.062111e+00  4.942999e-02 6.497380e-05  5.202073e-02 -1.539952e-04  
2.066114e+00  4.899976e-02 6.493725e-05  5.225693e-02 -1.535502e-04  
2.070118e+00  4.857265e-02 6.489991e-05  5.248763e-02 -1.531032e-04  
2.074122e+00  4.815166e-02 6.486132e-05  5.270939e-02 -1.526488e-04  
2.078126e+00  4.773426e-02 6.482180e-05  5.292473e-02 -1.521924e-04  
2.082130e+00  4.732024e-02 6.478141e-05  5.313392e-02 -1.517440e-04  
2.086134e+00  4.690953e-02 6.474008e-05  5.333702e-02 -1.512869e-04  
2.090138e+00  4.650208e-02 6.469779e-05  5.353411e-02 -1.508280e-04  
2.094142e+00  4.609754e-02 6.465455e-05  5.372611e-02 -1.503682e-04  
2.098146e+00  4.569501e-02 6.461039e-05  5.391570e-02 -1.499101e-04  
2.102150e+00  4.529560e-02 6.456526e-05  5.409958e-02 -1.494505e-04  
2.106153e+00  4.489951e-02 6.451918e-05  5.432349e-02 -1.489892e-04  
2.110157e+00  4.450657e-02 6.447219e-05  5.449989e-02 -1.485264e-04  
2.114161e+00  4.411673e-02 6.443243e-05  5.467087e-02 -1.480620e-04  
2.118165e+00  4.372997e-02 6.438321e-05  5.483646e-02 -1.475961e-04  
2.122169e+00  4.334629e-02 6.433306e-05  5.499669e-02 -1.471288e-04  
2.126173e+00  4.296567e-02 6.428197e-05  5.515160e-02 -1.466599e-04  
2.130177e+00  4.258810e-02 6.422150e-05  5.530124e-02 -1.461897e-04  
2.134181e+00  4.221361e-02 6.416868e-05  5.544563e-02 -1.457202e-04  
2.138185e+00  4.184218e-02 6.411504e-05  5.558482e-02 -1.452498e-04  
2.142189e+00  4.147377e-02 6.406064e-05  5.571883e-02 -1.447783e-04  
2.146192e+00  4.110836e-02 6.400540e-05  5.584772e-02 -1.443056e-04  
2.150196e+00  4.074595e-02 6.394931e-05  5.597152e-02 -1.438317e-04  
2.154200e+00  4.038653e-02 6.389234e-05  5.609027e-02 -1.433567e-04  
2.158204e+00  4.003007e-02 6.383454e-05  5.620399e-02 -1.428806e-04  
2.162208e+00  3.967657e-02 6.377588e-05  5.631274e-02 -1.424035e-04  
2.166212e+00  3.932602e-02 6.371639e-05  5.641654e-02 -1.419252e-04  
2.170216e+00  3.897840e-02 6.365607e-05  5.651544e-02 -1.414460e-04  
2.174220e+00  3.863371e-02 6.359492e-05  5.660946e-02 -1.409657e-04  
2.178224e+00  3.829193e-02 6.353295e-05  5.669865e-02 -1.404845e-04  
2.182228e+00  3.795304e-02 6.347012e-05  5.678304e-02 -1.400020e-04  
2.186232e+00  3.761715e-02 6.340596e-05  5.686228e-02 -1.395162e-04  
2.190235e+00  3.728415e-02 6.334093e-05  5.693655e-02 -1.390292e-04  
2.194239e+00  3.695401e-02 6.327508e-05  5.700579e-02 -1.385410e-04  
2.198243e+00  3.662669e-02 6.320845e-05  5.707035e-02 -1.380519e-04  
2.202247e+00  3.630221e-02 6.314103e-05  5.713025e-02 -1.375639e-04  
2.206251e+00  3.598055e-02 6.307283e-05  5.718553e-02 -1.370778e-04  
2.210255e+00  3.566172e-02 6.301297e-05  5.723621e-02 -1.365776e-04  
2.214259e+00  3.534569e-02 6.294289e-05  5.728234e-02 -1.360902e-04  
2.218263e+00  3.503246e-02 6.287186e-05  5.732395e-02 -1.356011e-04  
2.222267e+00  3.472203e-02 6.279958e-05  5.736107e-02 -1.351090e-04  
2.226271e+00  3.441451e-02 6.272647e-05  5.739373e-02 -1.346159e-04  
2.230274e+00  3.410976e-02 6.265258e-05  5.742196e-02 -1.341222e-04  
2.234278e+00  3.380776e-02 6.257795e-05  5.744582e-02 -1.336277e-04  
2.238282e+00  3.350850e-02 6.250286e-05  5.746533e-02 -1.331335e-04  
2.242286e+00  3.321203e-02 6.242707e-05  5.748091e-02 -1.326393e-04  
2.246290e+00  3.291830e-02 6.235049e-05  5.749229e-02 -1.321445e-04  
2.250294e+00  3.262729e-02 6.227317e-05  5.749949e-02 -1.316493e-04  
2.254298e+00  3.233900e-02 6.219845e-05  5.750255e-02 -1.311520e-04  
2.258302e+00  3.205339e-02 6.211918e-05  5.750146e-02 -1.306531e-04  
2.262306e+00  3.176837e-02 6.203931e-05  5.750170e-02 -1.301547e-04  
2.266310e+00  3.148517e-02 6.195876e-05  5.750003e-02 -1.296562e-04  
2.270314e+00  3.120446e-02 6.187751e-05  5.749464e-02 -1.291572e-04  
2.274317e+00  3.092618e-02 6.179560e-05  5.748562e-02 -1.286579e-04  
2.278321e+00  3.065041e-02 6.171300e-05  5.747295e-02 -1.281581e-04  
2.282325e+00  3.037710e-02 6.162972e-05  5.745668e-02 -1.276579e-04  
2.286329e+00  3.010621e-02 6.154577e-05  5.743684e-02 -1.271573e-04  
2.290333e+00  2.983774e-02 6.146117e-05  5.741347e-02 -1.266564e-04  
2.294337e+00  2.957168e-02 6.137591e-05  5.738662e-02 -1.261552e-04  
2.298341e+00  2.930801e-02 6.129001e-05  5.735631e-02 -1.256536e-04  
2.302345e+00  2.904671e-02 6.120343e-05  5.740427e-02 -1.251518e-04  
2.306349e+00  2.878777e-02 6.111610e-05  5.738757e-02 -1.246804e-04  
2.310353e+00  2.853094e-02 6.102814e-05  5.734742e-02 -1.241800e-04  
2.314356e+00  2.827477e-02 6.093957e-05  5.730644e-02 -1.236834e-04  
2.318360e+00  2.802080e-02 6.085037e-05  5.726218e-02 -1.231868e-04  
2.322364e+00  2.776908e-02 6.076057e-05  5.720276e-02 -1.226903e-04  
2.326368e+00  2.752134e-02 6.066985e-05  5.715348e-02 -1.221926e-04  
2.330372e+00  2.727581e-02 6.057848e-05  5.710141e-02 -1.216952e-04  
2.334376e+00  2.703242e-02 6.048655e-05  5.704665e-02 -1.211982e-04  
2.338380e+00  2.679123e-02 6.039403e-05  5.698895e-02 -1.207013e-04  
2.342384e+00  2.655219e-02 6.030093e-05  5.692834e-02 -1.202046e-04  
2.346388e+00  2.631531e-02 6.020727e-05  5.686487e-02 -1.197081e-04  
2.350392e+00  2.608056e-02 6.011304e-05  5.679858e-02 -1.192117e-04  
2.354395e+00  2.584792e-02 6.001826e-05  5.672950e-02 -1.187155e-04  
2.358399e+00  2.561737e-02 5.992294e-05  5.665767e-02 -1.182196e-04  
2.362403e+00  2.538890e-02 5.982708e-05  5.658312e-02 -1.177239e-04  
2.366407e+00  2.516249e-02 5.973069e-05  5.650590e-02 -1.172285e-04  
2.370411e+00  2.493942e-02 5.963344e-05  5.642477e-02 -1.167323e-04  
2.374415e+00  2.472030e-02 5.953513e-05  5.633917e-02 -1.162349e-04  
2.378419e+00  2.450334e-02 5.943624e-05  5.625086e-02 -1.157377e-04  
2.382423e+00  2.428852e-02 5.933681e-05  5.615989e-02 -1.152407e-04  
2.386427e+00  2.407581e-02 5.923684e-05  5.606629e-02 -1.147440e-04  
2.390431e+00  2.386521e-02 5.913635e-05  5.597003e-02 -1.142476e-04  
2.394435e+00  2.365670e-02 5.903522e-05  5.587231e-02 -1.137509e-04  
2.398438e+00  2.345031e-02 5.893359e-05  5.577240e-02 -1.132544e-04  
2.402442e+00  2.324607e-02 5.883130e-05  5.566996e-02 -1.127581e-04  
2.406446e+00  2.310721e-02 5.874176e-05  5.559863e-02 -1.122472e-04  
2.410450e+00  2.290655e-02 5.863868e-05  5.549306e-02 -1.117523e-04  
2.414454e+00  2.270786e-02 5.853519e-05  5.538529e-02 -1.112581e-04  
2.418458e+00  2.251115e-02 5.843122e-05  5.527528e-02 -1.107644e-04  
2.422462e+00  2.231745e-02 5.832675e-05  5.516725e-02 -1.102727e-04  
2.426466e+00  2.212416e-02 5.822174e-05  5.505536e-02 -1.097832e-04  
2.430470e+00  2.193288e-02 5.812092e-05  5.502181e-02 -1.092939e-04  
2.434474e+00  2.174349e-02 5.801470e-05  5.490293e-02 -1.088053e-04  
2.438477e+00  2.155591e-02 5.790804e-05  5.478201e-02 -1.083173e-04  
2.442481e+00  2.137018e-02 5.780095e-05  5.465901e-02 -1.078300e-04  
2.446485e+00  2.118630e-02 5.769345e-05  5.453398e-02 -1.073433e-04  
2.450489e+00  2.100423e-02 5.758553e-05  5.440695e-02 -1.068574e-04  
2.454493e+00  2.082398e-02 5.747720e-05  5.427793e-02 -1.063722e-04  
2.458497e+00  2.064551e-02 5.736848e-05  5.414698e-02 -1.058878e-04  
2.462501e+00  2.046882e-02 5.725937e-05  5.401412e-02 -1.054042e-04  
2.466505e+00  2.029388e-02 5.714988e-05  5.387937e-02 -1.049213e-04  
2.470509e+00  2.012124e-02 5.703985e-05  5.374279e-02 -1.044387e-04  
2.474513e+00  1.995041e-02 5.692943e-05  5.360440e-02 -1.039568e-04  
2.478517e+00  1.978131e-02 5.681865e-05  5.346422e-02 -1.034757e-04  
2.482520e+00  1.961391e-02 5.670753e-05  5.332229e-02 -1.029955e-04  
2.486524e+00  1.946420e-02 5.659606e-05  5.317864e-02 -1.025161e-04  
2.490528e+00  1.930144e-02 5.648425e-05  5.303330e-02 -1.020377e-04  
2.494532e+00  1.914042e-02 5.637209e-05  5.288629e-02 -1.015601e-04  
2.498536e+00  1.898112e-02 5.625961e-05  5.273766e-02 -1.010808e-04  
2.502540e+00  1.882351e-02 5.614680e-05  5.258742e-02 -1.006031e-04  
2.506544e+00  1.866759e-02 5.603368e-05  5.243561e-02 -1.001263e-04  
2.510548e+00  1.851334e-02 5.592025e-05  5.228226e-02 -9.965047e-05  
2.514552e+00  1.836074e-02 5.580636e-05  5.212740e-02 -9.917549e-05  
2.518556e+00  1.820978e-02 5.569216e-05  5.198550e-02 -9.870145e-05  
2.522559e+00  1.806044e-02 5.557767e-05  5.183406e-02 -9.822834e-05  
2.526563e+00  1.791272e-02 5.546283e-05  5.168111e-02 -9.775620e-05  
2.530567e+00  1.776691e-02 5.534676e-05  5.152417e-02 -9.728112e-05  
2.534571e+00  1.762248e-02 5.523047e-05  5.136665e-02 -9.680773e-05  
2.538575e+00  1.747838e-02 5.511395e-05  5.121160e-02 -9.633998e-05  
2.542579e+00  1.733585e-02 5.499713e-05  5.105549e-02 -9.587330e-05  
2.546583e+00  1.719486e-02 5.488004e-05  5.089834e-02 -9.540771e-05  
2.550587e+00  1.705533e-02 5.476255e-05  5.073913e-02 -9.494323e-05  
2.554591e+00  1.691724e-02 5.464474e-05  5.057839e-02 -9.450798e-05  
2.558595e+00  1.678057e-02 5.452667e-05  5.041666e-02 -9.404511e-05  
2.562598e+00  1.664530e-02 5.440833e-05  5.025399e-02 -9.358338e-05  
2.566602e+00  1.651143e-02 5.428975e-05  5.009039e-02 -9.312278e-05  
2.570606e+00  1.637892e-02 5.417107e-05  4.992573e-02 -9.266363e-05  
2.574610e+00  1.624771e-02 5.405211e-05  4.976020e-02 -9.220559e-05  
2.578614e+00  1.611778e-02 5.393292e-05  4.959383e-02 -9.174874e-05  
2.582618e+00  1.598917e-02 5.381351e-05  4.942665e-02 -9.129311e-05  
2.586622e+00  1.586187e-02 5.369389e-05  4.925869e-02 -9.083870e-05  
2.590626e+00  1.573584e-02 5.357417e-05  4.909031e-02 -9.038590e-05  
2.594630e+00  1.561109e-02 5.345418e-05  4.892140e-02 -8.993440e-05  
2.598634e+00  1.548758e-02 5.333400e-05  4.875183e-02 -8.948421e-05  
2.602638e+00  1.536531e-02 5.321364e-05  4.858162e-02 -8.903533e-05  
2.606641e+00  1.524447e-02 5.309295e-05  4.841136e-02 -8.858815e-05  
2.610645e+00  1.512486e-02 5.297208e-05  4.824060e-02 -8.814236e-05  
2.614649e+00  1.500644e-02 5.287196e-05  4.809333e-02 -8.768161e-05  
2.618653e+00  1.488975e-02 5.275050e-05  4.792072e-02 -8.723858e-05  
2.622657e+00  1.477451e-02 5.262888e-05  4.774730e-02 -8.679687e-05  
2.626661e+00  1.466045e-02 5.250710e-05  4.757341e-02 -8.635656e-05  
2.630665e+00  1.454752e-02 5.238521e-05  4.739906e-02 -8.591769e-05  
2.634669e+00  1.443572e-02 5.226319e-05  4.722429e-02 -8.548027e-05  
2.638673e+00  1.432507e-02 5.214105e-05  4.704912e-02 -8.504429e-05  
2.642677e+00  1.421552e-02 5.201879e-05  4.687358e-02 -8.460977e-05  
2.646680e+00  1.410706e-02 5.189642e-05  4.669769e-02 -8.417672e-05  
2.650684e+00  1.399967e-02 5.177394e-05  4.652315e-02 -8.374608e-05  
2.654688e+00  1.389335e-02 5.165138e-05  4.634982e-02 -8.331776e-05  
2.658692e+00  1.378807e-02 5.152873e-05  4.617634e-02 -8.289101e-05  
2.662696e+00  1.368382e-02 5.140601e-05  4.600273e-02 -8.246585e-05  
2.666700e+00  1.358058e-02 5.128296e-05  4.582814e-02 -8.204104e-05  
2.670704e+00  1.347834e-02 5.115952e-05  4.565238e-02 -8.161630e-05  
2.674708e+00  1.337714e-02 5.103599e-05  4.547640e-02 -8.119299e-05  
2.678712e+00  1.327781e-02 5.091223e-05  4.529876e-02 -8.076997e-05  
2.682716e+00  1.317947e-02 5.078838e-05  4.512102e-02 -8.034845e-05  
2.686720e+00  1.308212e-02 5.066445e-05  4.494318e-02 -7.992844e-05  
2.690723e+00  1.298678e-02 5.054025e-05  4.476425e-02 -7.950933e-05  
2.694727e+00  1.289354e-02 5.041576e-05  4.458414e-02 -7.909108e-05  
2.698731e+00  1.280132e-02 5.029112e-05  4.440435e-02 -7.867461e-05  
2.702735e+00  1.271013e-02 5.016638e-05  4.422471e-02 -7.825982e-05  
2.706739e+00  1.261994e-02 5.004158e-05  4.404504e-02 -7.784657e-05  
2.710743e+00  1.253073e-02 4.991676e-05  4.387101e-02 -7.743480e-05  
2.714747e+00  1.244248e-02 4.979185e-05  4.369130e-02 -7.702466e-05  
2.718751e+00  1.235520e-02 4.966689e-05  4.351163e-02 -7.661608e-05  
2.722755e+00  1.226885e-02 4.954190e-05  4.333202e-02 -7.620909e-05  
2.726759e+00  1.218344e-02 4.941686e-05  4.315249e-02 -7.580368e-05  
2.730762e+00  1.209894e-02 4.929180e-05  4.297307e-02 -7.539988e-05  
2.734766e+00  1.201534e-02 4.916671e-05  4.279378e-02 -7.499768e-05  
2.738770e+00  1.193263e-02 4.904160e-05  4.261464e-02 -7.459711e-05  
2.742774e+00  1.185079e-02 4.891650e-05  4.243565e-02 -7.419815e-05  
2.746778e+00  1.177000e-02 4.879153e-05  4.225670e-02 -7.380108e-05  
2.750782e+00  1.169005e-02 4.866669e-05  4.207796e-02 -7.340579e-05  
2.754786e+00  1.161094e-02 4.854188e-05  4.189946e-02 -7.301219e-05  
2.758790e+00  1.153267e-02 4.841710e-05  4.171600e-02 -7.263352e-05  
2.762794e+00  1.145522e-02 4.829234e-05  4.153558e-02 -7.224318e-05  
2.766798e+00  1.137827e-02 4.816762e-05  4.135719e-02 -7.185519e-05  
2.770802e+00  1.130183e-02 4.804296e-05  4.118071e-02 -7.146950e-05  
2.774805e+00  1.122614e-02 4.791838e-05  4.100459e-02 -7.108558e-05  
2.778809e+00  1.115082e-02 4.779410e-05  4.082943e-02 -7.070441e-05  
2.782813e+00  1.107607e-02 4.766991e-05  4.065489e-02 -7.032526e-05  
2.786817e+00  1.100202e-02 4.753963e-05  4.048081e-02 -6.994794e-05  
2.790821e+00  1.092847e-02 4.741580e-05  4.030763e-02 -6.957188e-05  
2.794825e+00  1.085564e-02 4.729184e-05  4.013555e-02 -6.919779e-05  
2.798829e+00  1.078346e-02 4.716797e-05  3.996401e-02 -6.882554e-05  
2.802833e+00  1.071191e-02 4.704418e-05  3.979319e-02 -6.845525e-05  
2.806837e+00  1.064141e-02 4.692022e-05  3.962197e-02 -6.806406e-05  
2.810841e+00  1.057339e-02 4.679530e-05  3.944645e-02 -6.769221e-05  
2.814844e+00  1.050606e-02 4.667043e-05  3.927137e-02 -6.732206e-05  
2.818848e+00  1.043939e-02 4.654562e-05  3.909674e-02 -6.695362e-05  
2.822852e+00  1.037342e-02 4.642087e-05  3.892256e-02 -6.658689e-05  
2.826856e+00  1.030811e-02 4.629620e-05  3.874887e-02 -6.622187e-05  
2.830860e+00  1.024343e-02 4.617159e-05  3.857568e-02 -6.585858e-05  
2.834864e+00  1.017938e-02 4.604706e-05  3.840301e-02 -6.549702e-05  
2.838868e+00  1.013853e-02 4.594223e-05  3.826112e-02 -6.511489e-05  
2.842872e+00  1.007549e-02 4.581799e-05  3.809067e-02 -6.475578e-05  
2.846876e+00  1.001305e-02 4.570171e-05  3.792084e-02 -6.439839e-05  
2.850880e+00  9.951192e-03 4.557757e-05  3.775164e-02 -6.404270e-05  
2.854883e+00  9.889905e-03 4.545355e-05  3.758308e-02 -6.368873e-05  
2.858887e+00  9.829220e-03 4.532950e-05  3.741424e-02 -6.333647e-05  
2.862891e+00  9.769160e-03 4.520548e-05  3.724546e-02 -6.298595e-05  
2.866895e+00  9.709643e-03 4.508158e-05  3.707733e-02 -6.263715e-05  
2.870899e+00  9.650656e-03 4.495783e-05  3.690986e-02 -6.230302e-05  
2.874903e+00  9.592189e-03 4.483422e-05  3.674306e-02 -6.195851e-05  
2.878907e+00  9.534232e-03 4.471075e-05  3.657696e-02 -6.161579e-05  
2.882911e+00  9.476771e-03 4.458742e-05  3.641161e-02 -6.127478e-05  
2.886915e+00  9.419798e-03 4.446421e-05  3.624740e-02 -6.093527e-05  
2.890919e+00  9.363301e-03 4.434115e-05  3.608399e-02 -6.059757e-05  
2.894923e+00  9.307270e-03 4.421823e-05  3.592135e-02 -6.026164e-05  
2.898926e+00  9.251692e-03 4.409547e-05  3.575950e-02 -5.992750e-05  
2.902930e+00  9.196559e-03 4.397287e-05  3.559844e-02 -5.959515e-05  
2.906934e+00  9.141847e-03 4.385044e-05  3.543819e-02 -5.926459e-05  
2.910938e+00  9.087537e-03 4.372817e-05  3.527891e-02 -5.893594e-05  
2.914942e+00  9.033632e-03 4.360607e-05  3.512048e-02 -5.860909e-05  
2.918946e+00  8.980128e-03 4.348415e-05  3.496291e-02 -5.828406e-05  
2.922950e+00  8.927014e-03 4.336240e-05  3.480622e-02 -5.796085e-05  
2.926954e+00  8.874240e-03 4.324095e-05  3.465039e-02 -5.763975e-05  
2.930958e+00  8.821774e-03 4.311983e-05  3.449547e-02 -5.732090e-05  
2.934962e+00  8.769857e-03 4.299891e-05  3.434114e-02 -5.700369e-05  
2.938965e+00  8.718830e-03 4.287813e-05  3.418679e-02 -5.668772e-05  
2.942969e+00  8.668127e-03 4.275755e-05  3.403336e-02 -5.637358e-05  
2.946973e+00  8.617721e-03 4.263718e-05  3.388085e-02 -5.606128e-05  
2.950977e+00  8.567656e-03 4.251686e-05  3.372842e-02 -5.575004e-05  
2.954981e+00  8.517923e-03 4.239624e-05  3.357417e-02 -5.543814e-05  
2.958985e+00  8.468512e-03 4.227582e-05  3.342075e-02 -5.512797e-05  
2.962989e+00  8.419415e-03 4.215560e-05  3.326818e-02 -5.481955e-05  
2.966993e+00  8.370620e-03 4.203558e-05  3.311647e-02 -5.451286e-05  
2.970997e+00  8.322120e-03 4.191576e-05  3.296563e-02 -5.420792e-05  
2.975001e+00  8.273903e-03 4.179638e-05  3.281596e-02 -5.390519e-05  
2.979005e+00  8.225967e-03 4.167741e-05  3.266727e-02 -5.360447e-05  
2.983008e+00  8.178310e-03 4.155871e-05  3.251946e-02 -5.330547e-05  
2.987012e+00  8.130911e-03 4.144024e-05  3.237258e-02 -5.300823e-05  
2.991016e+00  8.083759e-03 4.132202e-05  3.222661e-02 -5.271276e-05  
2.995020e+00  8.036847e-03 4.120404e-05  3.208159e-02 -5.241906e-05  
2.999024e+00  7.990164e-03 4.108606e-05  3.193766e-02 -5.212682e-05  
3.003028e+00  7.943823e-03 4.096821e-05  3.179439e-02 -5.183570e-05  
3.007032e+00  7.897859e-03 4.085059e-05  3.165162e-02 -5.154568e-05  
3.011036e+00  7.852110e-03 4.073321e-05  3.150981e-02 -5.125739e-05  
3.015040e+00  7.806569e-03 4.061606e-05  3.136902e-02 -5.097086e-05  
3.019044e+00  7.761222e-03 4.049915e-05  3.122931e-02 -5.068613e-05  
3.023047e+00  7.716065e-03 4.038249e-05  3.109060e-02 -5.040313e-05  
3.027051e+00  7.673316e-03 4.026612e-05  3.095822e-02 -5.012179e-05  
3.031055e+00  7.629020e-03 4.014992e-05  3.082097e-02 -4.984215e-05  
3.035059e+00  7.585333e-03 4.003395e-05  3.068432e-02 -4.956416e-05  
3.039063e+00  7.541835e-03 3.991823e-05  3.054868e-02 -4.928789e-05  
3.043067e+00  7.498529e-03 3.980277e-05  3.041404e-02 -4.901335e-05  
3.047071e+00  7.455493e-03 3.968756e-05  3.028041e-02 -4.874052e-05  
3.051075e+00  7.412623e-03 3.957262e-05  3.014780e-02 -4.846943e-05  
3.055079e+00  7.369911e-03 3.945793e-05  3.001623e-02 -4.820096e-05  
3.059083e+00  7.327353e-03 3.934352e-05  2.988570e-02 -4.793434e-05  
3.063086e+00  7.284941e-03 3.922938e-05  2.978031e-02 -4.766949e-05  
3.067090e+00  7.242669e-03 3.911551e-05  2.965278e-02 -4.740638e-05  
3.071094e+00  7.200528e-03 3.902583e-05  2.952634e-02 -4.714504e-05  
3.075098e+00  7.158503e-03 3.891225e-05  2.940098e-02 -4.688544e-05  
3.079102e+00  7.116587e-03 3.879902e-05  2.927671e-02 -4.662759e-05  
3.083106e+00  7.074780e-03 3.868607e-05  2.915355e-02 -4.637150e-05  
3.087110e+00  7.033075e-03 3.857349e-05  2.903151e-02 -4.611716e-05  
3.091114e+00  6.991465e-03 3.846132e-05  2.891059e-02 -4.586458e-05  
3.095118e+00  6.949943e-03 3.834944e-05  2.879081e-02 -4.561376e-05  
3.099122e+00  6.910292e-03 3.823748e-05  2.866745e-02 -4.536086e-05  
3.103126e+00  6.871806e-03 3.812558e-05  2.854239e-02 -4.510740e-05  
3.107129e+00  6.833488e-03 3.801397e-05  2.841823e-02 -4.485549e-05  
3.111133e+00  6.795335e-03 3.790264e-05  2.829500e-02 -4.460514e-05  
3.115137e+00  6.757405e-03 3.779163e-05  2.817259e-02 -4.435648e-05  
3.119141e+00  6.719697e-03 3.768094e-05  2.805098e-02 -4.410950e-05  
3.123145e+00  6.682139e-03 3.757055e-05  2.793030e-02 -4.386408e-05  
3.127149e+00  6.644648e-03 3.746046e-05  2.781057e-02 -4.362031e-05  
3.131153e+00  6.607272e-03 3.735067e-05  2.769177e-02 -4.337810e-05  
3.135157e+00  6.570029e-03 3.723100e-05  2.757391e-02 -4.311766e-05  
3.139161e+00  6.532916e-03 3.712156e-05  2.745700e-02 -4.287908e-05  
3.143165e+00  6.495925e-03 3.701241e-05  2.734103e-02 -4.264205e-05  
3.147168e+00  6.459054e-03 3.690355e-05  2.722600e-02 -4.240660e-05  
3.151172e+00  6.422296e-03 3.679497e-05  2.711193e-02 -4.217270e-05  
3.155176e+00  6.385648e-03 3.668668e-05  2.699882e-02 -4.194036e-05  
3.159180e+00  6.349103e-03 3.657868e-05  2.687226e-02 -4.170957e-05  
3.163184e+00  6.312658e-03 3.647098e-05  2.676227e-02 -4.148034e-05  
3.167188e+00  6.276307e-03 3.636356e-05  2.665328e-02 -4.125266e-05  
3.171192e+00  6.240029e-03 3.625647e-05  2.654525e-02 -4.102648e-05  
3.175196e+00  6.203743e-03 3.614981e-05  2.643799e-02 -4.080165e-05  
3.179200e+00  6.167122e-03 3.604389e-05  2.633205e-02 -4.057879e-05  
3.183204e+00  6.130525e-03 3.593836e-05  2.622716e-02 -4.035752e-05  
3.187208e+00  6.093980e-03 3.583317e-05  2.612329e-02 -4.013780e-05  
3.191211e+00  6.057485e-03 3.572831e-05  2.602046e-02 -3.991962e-05  
3.195215e+00  6.021037e-03 3.562377e-05  2.591865e-02 -3.970298e-05  
3.199219e+00  5.984630e-03 3.551956e-05  2.581788e-02 -3.948787e-05  
3.203223e+00  5.948419e-03 3.541565e-05  2.571788e-02 -3.927419e-05  
3.207227e+00  5.912377e-03 3.531204e-05  2.561854e-02 -3.906204e-05  
3.211231e+00  5.876375e-03 3.520877e-05  2.551999e-02 -3.885154e-05  
3.215235e+00  5.840310e-03 3.510565e-05  2.542252e-02 -3.864247e-05  
3.219239e+00  5.804078e-03 3.500273e-05  2.532620e-02 -3.843480e-05  
3.223243e+00  5.767866e-03 3.490020e-05  2.523090e-02 -3.822867e-05  
3.227247e+00  5.731667e-03 3.479799e-05  2.513666e-02 -3.802406e-05  
3.231250e+00  5.695438e-03 3.469598e-05  2.504349e-02 -3.782088e-05  
3.235254e+00  5.659209e-03 3.459429e-05  2.495142e-02 -3.761923e-05  
3.239258e+00  5.622980e-03 3.449291e-05  2.486039e-02 -3.741908e-05  
3.243262e+00  5.586772e-03 3.439186e-05  2.477033e-02 -3.722036e-05  
3.247266e+00  5.551301e-03 3.429111e-05  2.467767e-02 -3.702019e-05  
3.251270e+00  5.515460e-03 3.419093e-05  2.458438e-02 -3.682042e-05  
3.255274e+00  5.479333e-03 3.409128e-05  2.449230e-02 -3.662236e-05  
3.259278e+00  5.443199e-03 3.399196e-05  2.440111e-02 -3.642567e-05  
3.263282e+00  5.407055e-03 3.389297e-05  2.431082e-02 -3.623034e-05  
3.267286e+00  5.370896e-03 3.379432e-05  2.422139e-02 -3.603634e-05  
3.271289e+00  5.334720e-03 3.369600e-05  2.413255e-02 -3.584346e-05  
3.275293e+00  5.298524e-03 3.359802e-05  2.404459e-02 -3.565191e-05  
3.279297e+00  5.262304e-03 3.350037e-05  2.395753e-02 -3.546170e-05  
3.283301e+00  5.226058e-03 3.340305e-05  2.387134e-02 -3.527282e-05  
3.287305e+00  5.189782e-03 3.330607e-05  2.378605e-02 -3.508526e-05  
3.291309e+00  5.153473e-03 3.320943e-05  2.370163e-02 -3.489902e-05  
3.295313e+00  5.117128e-03 3.311313e-05  2.361811e-02 -3.471409e-05  
3.299317e+00  5.080745e-03 3.301717e-05  2.353547e-02 -3.453047e-05  
3.303321e+00  5.044320e-03 3.292154e-05  2.345371e-02 -3.434816e-05  
3.307325e+00  5.007851e-03 3.282625e-05  2.337284e-02 -3.416714e-05  
3.311329e+00  4.971278e-03 3.273130e-05  2.329278e-02 -3.398749e-05  
3.315332e+00  4.934632e-03 3.263669e-05  2.321359e-02 -3.380913e-05  
3.319336e+00  4.884636e-03 3.257930e-05  2.312765e-02 -3.361257e-05  
3.323340e+00  4.847979e-03 3.248488e-05  2.305026e-02 -3.343689e-05  
3.327344e+00  4.811260e-03 3.239078e-05  2.294945e-02 -3.326249e-05  
3.331348e+00  4.774478e-03 3.229702e-05  2.287462e-02 -3.308936e-05  
3.335352e+00  4.737628e-03 3.220359e-05  2.280070e-02 -3.289479e-05  
3.339356e+00  4.700710e-03 3.211050e-05  2.272769e-02 -3.272460e-05  
3.343360e+00  4.663719e-03 3.201776e-05  2.265558e-02 -3.255567e-05  
3.347364e+00  4.626655e-03 3.192534e-05  2.258438e-02 -3.238800e-05  
3.351368e+00  4.589513e-03 3.183327e-05  2.251409e-02 -3.222159e-05  
3.355371e+00  4.552293e-03 3.174153e-05  2.244471e-02 -3.205643e-05  
3.359375e+00  4.514991e-03 3.165012e-05  2.237622e-02 -3.189252e-05  
3.363379e+00  4.477606e-03 3.155910e-05  2.230865e-02 -3.172985e-05  
3.367383e+00  4.440010e-03 3.146845e-05  2.224132e-02 -3.156796e-05  
3.371387e+00  4.402343e-03 3.137813e-05  2.217483e-02 -3.140727e-05  
3.375391e+00  4.364595e-03 3.128814e-05  2.210921e-02 -3.124778e-05  
3.379395e+00  4.326754e-03 3.119849e-05  2.204448e-02 -3.108950e-05  
3.383399e+00  4.288819e-03 3.110916e-05  2.198062e-02 -3.093241e-05  
3.387403e+00  4.250777e-03 3.102023e-05  2.191766e-02 -3.077661e-05  
3.391407e+00  4.212533e-03 3.093193e-05  2.185577e-02 -3.062301e-05  
3.395411e+00  4.174183e-03 3.084397e-05  2.179477e-02 -3.047063e-05  
3.399414e+00  4.137035e-03 3.075616e-05  2.173120e-02 -3.031717e-05  
3.403418e+00  4.100660e-03 3.066853e-05  2.166619e-02 -3.016338e-05  
3.407422e+00  4.064257e-03 3.058123e-05  2.160189e-02 -3.001067e-05  
3.411426e+00  4.027830e-03 3.049426e-05  2.153830e-02 -2.985906e-05  
3.415430e+00  3.991375e-03 3.040760e-05  2.147543e-02 -2.970853e-05  
3.419434e+00  3.954880e-03 3.032150e-05  2.141325e-02 -2.955908e-05  
3.423438e+00  3.918343e-03 3.023575e-05  2.135178e-02 -2.941070e-05  
3.427442e+00  3.881764e-03 3.015033e-05  2.129100e-02 -2.926338e-05  
3.431446e+00  3.845143e-03 3.006524e-05  2.123091e-02 -2.911711e-05  
3.435450e+00  3.808480e-03 2.998048e-05  2.115546e-02 -2.897188e-05  
3.439453e+00  3.771772e-03 2.989606e-05  2.109639e-02 -2.882770e-05  
3.443457e+00  3.735020e-03 2.981183e-05  2.103813e-02 -2.868198e-05  
3.447461e+00  3.698224e-03 2.972787e-05  2.098061e-02 -2.853957e-05  
3.451465e+00  3.661393e-03 2.964425e-05  2.092378e-02 -2.839817e-05  
3.455469e+00  3.624520e-03 2.956096e-05  2.086763e-02 -2.819838e-05  
3.459473e+00  3.587601e-03 2.947799e-05  2.081215e-02 -2.805607e-05  
3.463477e+00  3.550637e-03 2.939539e-05  2.075714e-02 -2.797989e-05  
3.467481e+00  3.513626e-03 2.931314e-05  2.070270e-02 -2.784232e-05  
3.471485e+00  3.476568e-03 2.923122e-05  2.064893e-02 -2.770572e-05  
3.475489e+00  3.439446e-03 2.914970e-05  2.059585e-02 -2.757020e-05  
3.479492e+00  3.402154e-03 2.906853e-05  2.054364e-02 -2.743595e-05  
3.483496e+00  3.364809e-03 2.898769e-05  2.049208e-02 -2.730269e-05  
3.487500e+00  3.327412e-03 2.890718e-05  2.044117e-02 -2.717039e-05  
3.491504e+00  3.290334e-03 2.882698e-05  2.038980e-02 -2.703825e-05  
3.495508e+00  3.253627e-03 2.874710e-05  2.033782e-02 -2.690617e-05  
3.499512e+00  3.216899e-03 2.866753e-05  2.028644e-02 -2.677500e-05  
3.503516e+00  3.180152e-03 2.858828e-05  2.023562e-02 -2.664472e-05  
3.507520e+00  3.143394e-03 2.850934e-05  2.018536e-02 -2.651534e-05  
3.511524e+00  3.106665e-03 2.843073e-05  2.013562e-02 -2.638686e-05  
3.515528e+00  3.069920e-03 2.835243e-05  2.008644e-02 -2.625925e-05  
3.519532e+00  3.033159e-03 2.827444e-05  2.003781e-02 -2.613251e-05  
3.523535e+00  2.996374e-03 2.820866e-05  1.998972e-02 -2.600664e-05  
3.527539e+00  2.959522e-03 2.813103e-05  1.994219e-02 -2.588161e-05  
3.531543e+00  2.922654e-03 2.805370e-05  1.989519e-02 -2.575744e-05  
3.535547e+00  2.885767e-03 2.797667e-05  1.984873e-02 -2.563411e-05  
3.539551e+00  2.848866e-03 2.789994e-05  1.980279e-02 -2.551161e-05  
3.543555e+00  2.811951e-03 2.782351e-05  1.975738e-02 -2.538994e-05  
3.547559e+00  2.775024e-03 2.774738e-05  1.971249e-02 -2.526910e-05  
3.551563e+00  2.738085e-03 2.767154e-05  1.966760e-02 -2.514878e-05  
3.555567e+00  2.701135e-03 2.759600e-05  1.962170e-02 -2.502840e-05  
3.559571e+00  2.664144e-03 2.752079e-05  1.957617e-02 -2.490873e-05  
3.563574e+00  2.627094e-03 2.744593e-05  1.953090e-02 -2.478972e-05  
3.567578e+00  2.590035e-03 2.737136e-05  1.948607e-02 -2.467144e-05  
3.571582e+00  2.552969e-03 2.729708e-05  1.944166e-02 -2.455391e-05  
3.575586e+00  2.515895e-03 2.722310e-05  1.939805e-02 -2.443771e-05  
3.579590e+00  2.478817e-03 2.714940e-05  1.935498e-02 -2.432243e-05  
3.583594e+00  2.441745e-03 2.707597e-05  1.929575e-02 -2.418809e-05  
3.587598e+00  2.404196e-03 2.700308e-05  1.925416e-02 -2.407487e-05  
3.591602e+00  2.366260e-03 2.693066e-05  1.921340e-02 -2.396274e-05  
3.595606e+00  2.328298e-03 2.685853e-05  1.917307e-02 -2.385135e-05  
3.599610e+00  2.290311e-03 2.678670e-05  1.913318e-02 -2.374069e-05  
3.603614e+00  2.252300e-03 2.671517e-05  1.909370e-02 -2.363077e-05  
3.607617e+00  2.214026e-03 2.664410e-05  1.905483e-02 -2.352176e-05  
3.611621e+00  2.175655e-03 2.657339e-05  1.901643e-02 -2.341352e-05  
3.615625e+00  2.137253e-03 2.650298e-05  1.897800e-02 -2.330576e-05  
3.619629e+00  2.098923e-03 2.643282e-05  1.893901e-02 -2.319816e-05  
3.623633e+00  2.060603e-03 2.636297e-05  1.890038e-02 -2.309125e-05  
3.627637e+00  2.022260e-03 2.629340e-05  1.886211e-02 -2.298501e-05  
3.631641e+00  1.983894e-03 2.622412e-05  1.882420e-02 -2.287944e-05  
3.635645e+00  1.945506e-03 2.615513e-05  1.878664e-02 -2.277453e-05  
3.639649e+00  1.907097e-03 2.608643e-05  1.874942e-02 -2.267027e-05  
3.643653e+00  1.868669e-03 2.601801e-05  1.871254e-02 -2.256666e-05  
3.647656e+00  1.830222e-03 2.594988e-05  1.867599e-02 -2.246369e-05  
3.651660e+00  1.791759e-03 2.588204e-05  1.863977e-02 -2.236136e-05  
3.655664e+00  1.753279e-03 2.581447e-05  1.860388e-02 -2.225965e-05  
3.659668e+00  1.714784e-03 2.574719e-05  1.856819e-02 -2.215851e-05  
3.663672e+00  1.676276e-03 2.568018e-05  1.853281e-02 -2.205799e-05  
3.667676e+00  1.637756e-03 2.561345e-05  1.849775e-02 -2.195808e-05  
3.671680e+00  1.599225e-03 2.554701e-05  1.846297e-02 -2.185876e-05  
3.675684e+00  1.560686e-03 2.548085e-05  1.842844e-02 -2.175998e-05  
3.679688e+00  1.521938e-03 2.541470e-05  1.839478e-02 -2.166163e-05  
3.683692e+00  1.483108e-03 2.534875e-05  1.836233e-02 -2.156380e-05  
3.687695e+00  1.444261e-03 2.528311e-05  1.833021e-02 -2.146658e-05  
3.691699e+00  1.405402e-03 2.521774e-05  1.829840e-02 -2.136992e-05  
3.695703e+00  1.366532e-03 2.515263e-05  1.826690e-02 -2.127381e-05  
3.699707e+00  1.327652e-03 2.508777e-05  1.823571e-02 -2.117824e-05  
3.703711e+00  1.288765e-03 2.502317e-05  1.820481e-02 -2.108322e-05  
3.707715e+00  1.250181e-03 2.495876e-05  1.817340e-02 -2.098857e-05  
3.711719e+00  1.212138e-03 2.489449e-05  1.814083e-02 -2.089419e-05  
3.715723e+00  1.174118e-03 2.483048e-05  1.810849e-02 -2.080933e-05  
3.719727e+00  1.136121e-03 2.476670e-05  1.807637e-02 -2.071598e-05  
3.723731e+00  1.098117e-03 2.470310e-05  1.804449e-02 -2.062304e-05  
3.727735e+00  1.060127e-03 2.463978e-05  1.801284e-02 -2.053057e-05  
3.731738e+00  1.024127e-03 2.457680e-05  1.799075e-02 -2.043836e-05  
3.735742e+00  9.861782e-04 2.451394e-05  1.795944e-02 -2.034685e-05  
3.739746e+00  9.482775e-04 2.445150e-05  1.792830e-02 -2.025598e-05  
3.743750e+00  9.108172e-04 2.438935e-05  1.789496e-02 -2.016425e-05  
3.747754e+00  8.734361e-04 2.432744e-05  1.786156e-02 -2.007285e-05  
3.751758e+00  8.361114e-04 2.426576e-05  1.782827e-02 -1.998186e-05  
3.755762e+00  7.987799e-04 2.420431e-05  1.779535e-02 -1.989154e-05  
3.759766e+00  7.611923e-04 2.414320e-05  1.776363e-02 -1.980259e-05  
3.763770e+00  7.232640e-04 2.408262e-05  1.773279e-02 -1.971495e-05  
3.767774e+00  6.849841e-04 2.402256e-05  1.770285e-02 -1.962864e-05  
3.771777e+00  6.467352e-04 2.396276e-05  1.767306e-02 -1.954279e-05  
3.775781e+00  6.085190e-04 2.390319e-05  1.764341e-02 -1.945739e-05  
3.779785e+00  5.703373e-04 2.384387e-05  1.761391e-02 -1.937245e-05  
3.783789e+00  5.321908e-04 2.378478e-05  1.758454e-02 -1.928794e-05  
3.787793e+00  4.940827e-04 2.372594e-05  1.755530e-02 -1.920386e-05  
3.791797e+00  4.560150e-04 2.366733e-05  1.752618e-02 -1.912022e-05  
3.795801e+00  4.179896e-04 2.360896e-05  1.749718e-02 -1.903700e-05  
3.799805e+00  3.800084e-04 2.355082e-05  1.746830e-02 -1.895419e-05  
3.803809e+00  3.420733e-04 2.349291e-05  1.743952e-02 -1.887179e-05  
3.807813e+00  3.041864e-04 2.343524e-05  1.741084e-02 -1.878980e-05  
3.811817e+00  2.663497e-04 2.337779e-05  1.738225e-02 -1.870821e-05  
3.815820e+00  2.285651e-04 2.332057e-05  1.735376e-02 -1.862701e-05  
3.819824e+00  1.908346e-04 2.326358e-05  1.732535e-02 -1.854619e-05  
3.823828e+00  1.531603e-04 2.320680e-05  1.729701e-02 -1.846576e-05  
3.827832e+00  1.155443e-04 2.315026e-05  1.726875e-02 -1.838569e-05  
3.831836e+00  7.799476e-05 2.309393e-05  1.724056e-02 -1.830600e-05  
3.835840e+00  4.052250e-05 2.303782e-05  1.721243e-02 -1.822667e-05  
3.839844e+00  3.115221e-06 2.299283e-05  1.718436e-02 -1.814769e-05  
3.843848e+00  -3.422497e-05 2.293703e-05  1.715634e-02 -1.806907e-05  
3.847852e+00  -7.149596e-05 2.288143e-05  1.712836e-02 -1.799079e-05  
3.851856e+00  -1.086956e-04 2.282603e-05  1.710042e-02 -1.791284e-05  
3.855859e+00  -1.458218e-04 2.277082e-05  1.707252e-02 -1.783523e-05  
3.859863e+00  -2.249216e-04 2.274112e-05  1.700775e-02 -1.772581e-05  
3.863867e+00  -2.616169e-04 2.268613e-05  1.698046e-02 -1.764876e-05  
3.867871e+00  -2.982339e-04 2.263141e-05  1.695276e-02 -1.757220e-05  
3.871875e+00  -3.347705e-04 2.257688e-05  1.692470e-02 -1.749583e-05  
3.875879e+00  -3.712245e-04 2.252256e-05  1.689663e-02 -1.741974e-05  
3.879883e+00  -4.075936e-04 2.246843e-05  1.686854e-02 -1.734396e-05  
3.883887e+00  -4.438757e-04 2.241451e-05  1.684045e-02 -1.726846e-05  
3.887891e+00  -4.800685e-04 2.236078e-05  1.681233e-02 -1.719324e-05  
3.891895e+00  -5.161697e-04 2.230724e-05  1.678419e-02 -1.711829e-05  
3.895898e+00  -5.521765e-04 2.225390e-05  1.675598e-02 -1.704360e-05  
3.899902e+00  -5.880854e-04 2.220081e-05  1.672820e-02 -1.696954e-05  
3.903906e+00  -6.239577e-04 2.214793e-05  1.670061e-02 -1.689592e-05  
3.907910e+00  -6.597333e-04 2.209523e-05  1.667298e-02 -1.682256e-05  
3.911914e+00  -6.954073e-04 2.204273e-05  1.664531e-02 -1.674946e-05  
3.915918e+00  -7.309774e-04 2.199041e-05  1.661760e-02 -1.667662e-05  
3.919922e+00  -7.664412e-04 2.193827e-05  1.658985e-02 -1.660403e-05  
3.923926e+00  -8.018003e-04 2.188621e-05  1.656215e-02 -1.653152e-05  
3.927930e+00  -8.370516e-04 2.183428e-05  1.653444e-02 -1.645919e-05  
3.931934e+00  -8.721898e-04 2.178251e-05  1.650666e-02 -1.638707e-05  
3.935938e+00  -9.076617e-04 2.173101e-05  1.647931e-02 -1.631551e-05  
3.939941e+00  -9.432196e-04 2.167972e-05  1.645211e-02 -1.624432e-05  
3.943945e+00  -9.786754e-04 2.164337e-05  1.642486e-02 -1.617336e-05  
3.947949e+00  -1.014027e-03 2.159261e-05  1.639754e-02 -1.610261e-05  
3.951953e+00  -1.049233e-03 2.154196e-05  1.637026e-02 -1.603215e-05  
3.955957e+00  -1.084306e-03 2.149145e-05  1.634324e-02 -1.596223e-05  
3.959961e+00  -1.119267e-03 2.144110e-05  1.631679e-02 -1.589315e-05  
3.963965e+00  -1.154115e-03 2.139093e-05  1.629029e-02 -1.582429e-05  
3.967969e+00  -1.188847e-03 2.134093e-05  1.626372e-02 -1.575566e-05  
3.971973e+00  -1.223461e-03 2.129109e-05  1.623709e-02 -1.568723e-05  
3.975977e+00  -1.257955e-03 2.124141e-05  1.621039e-02 -1.561901e-05  
3.979980e+00  -1.292327e-03 2.119190e-05  1.618361e-02 -1.555100e-05  
3.983984e+00  -1.326574e-03 2.114255e-05  1.615676e-02 -1.548318e-05  
3.987988e+00  -1.360694e-03 2.109335e-05  1.612985e-02 -1.541550e-05  
3.991992e+00  -1.394685e-03 2.104432e-05  1.610284e-02 -1.534804e-05  
3.995996e+00  -1.428570e-03 2.099544e-05  1.607581e-02 -1.528094e-05  
4.000000e+00  -1.462339e-03 2.094671e-05  1.604872e-02 -1.521415e-05  
